0 0 0.5578125 0.0140625 0.5609375 0.0828125 0.534375 0.09375 0.4140625 0.090625 0.2953125 0.1 0.2859375 0.1 0.275 0.084375 0.1953125 0.0625 0.18125 0.0109375 0.178125 0 0.178125 0 0.5578125
0 0 0.9109375 0.0609375 0.9015625 0.0828125 0.9078125 0.090625 0.9046875 0.09375 0.909375 0.1078125 0.9046875 0.109375 0.9109375 0.1453125 0.9171875 0.165625 0.9078125 0.1796875 0.8609375 0.18125 0.7015625 0.1734375 0.6453125 0.15625 0.63125 0.1515625 0.6421875 0.1421875 0.64375 0.1359375 0.6546875 0.1265625 0.6578125 0.1234375 0.69375 0.109375 0.7046875 0.0921875 0.7046875 0.090625 0.709375 0.0765625 0.70625 0.065625 0.7171875 0.05625 0.746875 0.0421875 0.7609375 0.0171875 0.759375 0.015625 0.7515625 0 0.7421875 0 0.9109375
0 0.1640625 0.634375 0.16875 0.6421875 0.1734375 0.634375 0.18125 0.634375 0.2796875 0.6578125 0.28125 0.6859375 0.2875 0.6953125 0.3265625 0.7015625 0.3375 0.6796875 0.3484375 0.6203125 0.3265625 0.19375 0.309375 0.1859375 0.23125 0.184375 0.215625 0.1734375 0.1765625 0.184375 0.09375 0.184375 0.0890625 0.1921875 0.0921875 0.268125 0.0859375 0.2921875 0.0921875 0.4 0.0828125 0.43125 0.084375 0.534375 0.0890625 0.5421875 0.1203125 0.54375 0.128125 0.55 0.1296875 0.6390625 0.1640625 0.634375
0 0.0078125 0 0 0.0078125 0.0046875 0.0203125 0 0.0234375 0 0.096875 0.15 0.1046875 0.209375 0.1015625 0.2125 0.0484375 0.203125 0.0359375 0.2015625 0 0.0078125 0
0 0.26875 0 0.265625 0.0265625 0.265625 0.10625 0.3515625 0.1078125 0.3578125 0.05625 0.3765625 0.0265625 0.3921875 0.0234375 0.39375 0 0.26875 0
0 0.453125 0 0.4515625 0.00625 0.45 0.1484375 0.4671875 0.13125 0.48984375 0.1265625 0.840625 0.1296875 0.84375 0.125 0.84375 0.0953125 0.821875 0 0.453125 0
0 0.8421875 0.1328125 0.4765625 0.1296875 0.46875 0.134375 0.4609375 0.1609375 0.45625 0.3109375 0.465625 0.3390625 0.4671875 0.3234375 0.4890625 0.2859375 0.8734375 0.290625 0.8640625 0.196875 0.8515625 0.14375 0.8421875 0.1328125
0 0.8765625 0.29375 0.515625 0.2875 0.484375 0.290625 0.4734375 0.3078125 0.4671875 0.4765625 0.48125 0.5375 0.4984375 0.528125 0.55375 0.5203125 0.925 0.534375 0.9125 0.4296875 0.8875 0.30625 0.8765625 0.29375
0 0.9828125 0.7921875 0.9859375 0.7734375 0.96875 0.740625 0.5296875 0.7234375 0.509375 0.7375 0.5046875 0.7765625 0.5078125 0.9140625 0.521875 0.934375 0.5265625 0.959375 0.521875 0.9984375 0.9734375 0.9984375 0.9984375 0.984375 0.9984375 0.890625 0.9828125 0.7921875
0 0.934375 0.546875 0.9234375 0.5328125 0.5078125 0.521875 0.496875 0.525 0.4890625 0.55625 0.4921875 0.7015625 0.515625 0.7328125 0.509375 0.746875 0.675 0.7234375 0.84375 0.734375 0.965625 0.73125 0.965625 0.69375 0.934375 0.546875
