1 0.41943359375 0.05670103092783505 0.1552734375 0.1134020618556701
1 0.66748046875 0.07946735395189003 0.0478515625 0.15893470790378006
1 0.5625 0.15549828178694158 0.0679931640625 0.16172680412371135
1 0.337890625 0.1563573883161512 0.072998046875 0.156786941580756
0 0.431640625 0.16494845360824742 0.28369140625 0.17482817869415807
0 0.6611328125 0.17268041237113402 0.240478515625 0.17096219931271478
1 0.53125 0.27835051546391754 0.0743408203125 0.18835910652920962
0 0.431640625 0.28436426116838487 0.33935546875 0.22873711340206185
0 0.68994140625 0.29037800687285226 0.328125 0.27878006872852235
1 0.79638671875 0.29467353951890035 0.124755859375 0.19072164948453607
0 0.4443359375 0.46735395189003437 0.468994140625 0.34621993127147765
1 0.6650390625 0.468213058419244 0.1466064453125 0.3322594501718213
0 0.81640625 0.4729381443298969 0.3662109375 0.3754295532646048
1 0.2841796875 0.47680412371134023 0.09814453125 0.35352233676975947
