1 0.867309670781893 0.2601098901098901 0.07595679012345695 0.17616954474097332
1 0.42385288065843624 0.2647723704866562 0.158829732510288 0.1548783359497645
0 0.5180401234567902 0.2756043956043956 0.3053858024691357 0.17508634222919936
1 0.6602572016460905 0.3134065934065934 0.12252829218106981 0.12934065934065933
0 0.7834104938271605 0.3382574568288854 0.3033539094650205 0.22248430141287287
0 0.40176440329218105 0.36872841444270016 0.3131661522633745 0.24666797488226064
1 0.49972222222222223 0.37712715855573 0.1324009773662551 0.1789481946624803
1 0.1574022633744856 0.4347880690737833 0.2341769547325103 0.1785125588697017
0 0.6911213991769547 0.46441130298273153 0.3618544238683127 0.24834772370486655
1 0.7987139917695474 0.4854395604395605 0.10492926954732491 0.22564560439560433
0 0.2670061728395061 0.48839874411302986 0.36873456790123454 0.3620251177394035
1 0.44895061728395064 0.5495761381475667 0.21424125514403292 0.204534929356358
0 0.6092592592592593 0.615243328100471 0.392664609053498 0.32745682888540034
