1 0.41357421875 0.7686116700201208 0.05078125 0.4567404426559356
1 0.56884765625 0.7706237424547284 0.0703125 0.4295774647887324
0 0.7080078125 0.7857142857142857 0.41455078125 0.41951710261569414
0 0.28271484375 0.789738430583501 0.3974609375 0.41448692152917505
1 0.31298828125 0.23340040241448692 0.03857421875 0.1841046277665996
1 0.6630859375 0.24044265593561368 0.064453125 0.1881287726358149
0 0.6083984375 0.2545271629778672 0.212890625 0.21730382293762576
0 0.37060546875 0.2545271629778672 0.2470703125 0.21428571428571427
1 0.37158203125 0.3148893360160966 0.15478515625 0.08651911468812877
1 0.74658203125 0.44466800804828976 0.09130859375 0.31287726358148893
0 0.65966796875 0.46277665995975853 0.33203125 0.2665995975855131
1 0.22119140625 0.46981891348088534 0.076171875 0.32494969818913483
0 0.3232421875 0.4708249496981891 0.33056640625 0.2796780684104628
