1 0.419189453125 0.055412371134020616 0.15380859375 0.11082474226804123
1 0.667724609375 0.08032646048109966 0.05517578125 0.16065292096219932
1 0.5625 0.15549828178694158 0.05810546875 0.15463917525773196
1 0.337890625 0.1563573883161512 0.0703125 0.15420962199312716
0 0.431640625 0.16494845360824742 0.2879638671875 0.234106529209622
0 0.6611328125 0.17268041237113402 0.243896484375 0.19802405498281786
1 0.53125 0.27835051546391754 0.086669921875 0.19802405498281786
0 0.431640625 0.28436426116838487 0.3408203125 0.24312714776632302
0 0.68994140625 0.29037800687285226 0.327880859375 0.22766323024054982
1 0.79638671875 0.29467353951890035 0.132568359375 0.20747422680412372
0 0.4443359375 0.46735395189003437 0.4725341796875 0.390893470790378
1 0.6650390625 0.468213058419244 0.1683349609375 0.3537371134020619
0 0.81591796875 0.4729381443298969 0.3671875 0.39261168384879724
1 0.2841796875 0.47680412371134023 0.0999755859375 0.3545962199312715
