1 0.357421875 0.09098939929328621 0.1630859375 0.17778268551236748
1 0.59228515625 0.1157243816254417 0.0650634765625 0.1875
0 0.58349609375 0.1872791519434629 0.223388671875 0.1954505300353357
1 0.2587890625 0.19522968197879859 0.092529296875 0.17623674911660778
0 0.345703125 0.1978798586572438 0.2562255859375 0.1768992932862191
1 0.4931640625 0.2067137809187279 0.0758056640625 0.1768992932862191
1 0.71728515625 0.30212014134275617 0.14111328125 0.25618374558303886
0 0.3486328125 0.31007067137809186 0.341552734375 0.241386925795053
0 0.640625 0.31802120141342755 0.3037109375 0.2592756183745583
1 0.4677734375 0.33480565371024734 0.09619140625 0.2067137809187279
0 0.73779296875 0.49734982332155475 0.39794921875 0.4045936395759717
1 0.6005859375 0.5035335689045937 0.126220703125 0.29858657243816256
1 0.21142578125 0.5388692579505301 0.13037109375 0.37014134275618377
0 0.36572265625 0.5432862190812721 0.4775390625 0.4302120141342756
