1 0.867309670781893 0.2601098901098901 0.08246913580246922 0.18004709576138148
1 0.42385288065843624 0.2647723704866562 0.16217335390946497 0.17724882260596544
0 0.5180401234567902 0.2756043956043956 0.3142181069958847 0.2579434850863423
1 0.6602572016460905 0.3134065934065934 0.1292939814814814 0.14630298273155415
0 0.7834104938271605 0.3382574568288854 0.29615226337448547 0.17852825745682893
0 0.40176440329218105 0.36872841444270016 0.3093081275720165 0.22468995290423865
1 0.49972222222222223 0.37712715855573 0.12931455761316868 0.17109890109890102
1 0.1574022633744856 0.4347880690737833 0.23707304526748968 0.18796114599686023
0 0.6911213991769547 0.46441130298273153 0.3612255658436213 0.3127531397174254
1 0.7987139917695474 0.4854395604395605 0.10594907407407392 0.22640894819466242
0 0.2670061728395061 0.48839874411302986 0.36590534979423867 0.34397174254317114
1 0.44895061728395064 0.5495761381475667 0.21629886831275721 0.2119917582417583
0 0.6092592592592593 0.615243328100471 0.4017078189300412 0.3568210361067503
