1 0.5943027888446215 0.8059843750000001 0.2089467131474104 0.20514062499999994
1 0.5132221115537848 0.24494531249999998 0.16002988047808756 0.10455859375000001
1 0.37959661354581675 0.3260546875 0.14542081673306778 0.16316796875
1 0.8213844621513944 0.32828124999999997 0.06202813745019932 0.18991992187499998
0 0.4756723107569721 0.33275 0.2813533366533866 0.17184570312499997
0 0.7366583665338645 0.41053125 0.3252054282868525 0.26289648437499996
0 0.37659860557768926 0.44432031250000004 0.33963520916334666 0.33563671875
1 0.4764043824701195 0.46704687500000003 0.14647410358565743 0.1729023437499999
1 0.1478784860557769 0.5135468750000001 0.1921787848605578 0.21126562499999987
0 0.6452639442231076 0.5274921875 0.3550597609561753 0.30053906250000006
1 0.7693376494023904 0.5678984375 0.1369073705179282 0.19367968750000006
0 0.24217131474103584 0.5898359375 0.42630602589641436 0.3398398437499999
1 0.4356772908366534 0.6337109375 0.1945517928286853 0.2696406250000001
1 0.29918326693227093 0.6869765625 0.0458229581673307 0.09798046875000015
0 0.588386454183267 0.6994296875 0.4162736553784861 0.44266992187500015
