1 0.357421875 0.09098939929328621 0.15673828125 0.1526060070671378
1 0.59228515625 0.1157243816254417 0.0794677734375 0.19986749116607774
0 0.58349609375 0.1872791519434629 0.22265625 0.2230565371024735
1 0.2587890625 0.19522968197879859 0.0902099609375 0.17159893992932862
0 0.345703125 0.1978798586572438 0.256103515625 0.18065371024734983
1 0.4931640625 0.2067137809187279 0.075927734375 0.17667844522968199
1 0.71728515625 0.30212014134275617 0.146484375 0.26545936395759717
0 0.3486328125 0.31007067137809186 0.34033203125 0.3085247349823322
0 0.640625 0.31802120141342755 0.30224609375 0.24315371024734983
1 0.4677734375 0.33480565371024734 0.076904296875 0.18617491166077738
0 0.73779296875 0.49734982332155475 0.3974609375 0.3710247349823322
1 0.6005859375 0.5035335689045937 0.1273193359375 0.299469964664311
1 0.21142578125 0.5388692579505301 0.121337890625 0.3674911660777385
0 0.36572265625 0.5432862190812721 0.4759521484375 0.5035335689045937
