0 0 0.3732356171875 0.04598689453125 0.372316658203125 0.1320377734375 0.216226916015625 0.06654921875 0.2153241484375 0 0.318133515625 0 0.3732356171875
0 0 0.68342227734375 0.06140990234375 0.546724529296875 0 0.543980640625 0 0.68342227734375
0 0 0.493401484375 0.08103837890625 0.50065024609375 0.175556318359375 0.31587594921875 0.098624021484375 0.304444875 0 0.488440064453125 0 0.493401484375
0 0.18939392578125 0.274237009765625 0.2559020390625 0.144316826171875 0.190608921875 0.142883115234375 0.1177573125 0.267830068359375 0.18939392578125 0.274237009765625
0 0.284972814453125 0.28135712890625 0.333519357421875 0.1420170546875 0.279906037109375 0.1422227265625 0.219547525390625 0.27903090234375 0.284972814453125 0.28135712890625
0 0.379267513671875 0.281406380859375 0.4187593203125 0.148020931640625 0.34917978125 0.140170171875 0.2995659609375 0.276659986328125 0.379267513671875 0.281406380859375
0 0.467961095703125 0.28162159375 0.49736643359375 0.141427078125 0.4293616328125 0.1437507734375 0.390049337890625 0.2725574140625 0.467961095703125 0.28162159375
0 0.56379308984375 0.283046880859375 0.57805833984375 0.141879376953125 0.508602880859375 0.143388337890625 0.480763888671875 0.281242251953125 0.56379308984375 0.283046880859375
0 0.645727849609375 0.273511259765625 0.648220921875 0.14548682421875 0.58990205078125 0.1469358359375 0.57691220703125 0.2755502421875 0.645727849609375 0.273511259765625
0 0.756446826171875 0.281604369140625 0.743316134765625 0.1455133515625 0.67370093359375 0.14445290625 0.67175380078125 0.281270623046875 0.756446826171875 0.281604369140625
0 0.858616671875 0.284263453125 0.831398953125 0.141481904296875 0.757323099609375 0.1459461171875 0.76912308984375 0.284071947265625 0.858616671875 0.284263453125
0 0.960913046875 0.284075619140625 0.9177552421875 0.14034478515625 0.8435333359375 0.139420833984375 0.869882169921875 0.282508076171875 0.960913046875 0.284075619140625
0 0.919750654296875 0.526979541015625 0.975284853515625 0.526461146484375 0.982539181640625 0.363238787109375 0.967522806640625 0.315156625 0.878979751953125 0.321032294921875 0.919750654296875 0.526979541015625
0 0.83397905859375 0.910527470703125 0.958095767578125 0.91321558984375 0.960944302734375 0.849123546875 0.911245251953125 0.574214333984375 0.798499275390625 0.57606487109375 0.83397905859375 0.910527470703125
0 0.903810009765625 0.526030271484375 0.862025873046875 0.315439291015625 0.77430525390625 0.31619194921875 0.79424869140625 0.52785494921875 0.903810009765625 0.526030271484375
0 0.777697884765625 0.522658009765625 0.760466234375 0.317026880859375 0.672717634765625 0.317216498046875 0.671526923828125 0.520117478515625 0.777697884765625 0.522658009765625
0 0.810226533203125 0.905544908203125 0.780347865234375 0.5709163515625 0.672757619140625 0.56738245703125 0.674448865234375 0.903881611328125 0.810226533203125 0.905544908203125
0 0.652639380859375 0.51356819140625 0.660569857421875 0.3171436015625 0.57354137109375 0.314198693359375 0.55335376953125 0.517931572265625 0.652639380859375 0.51356819140625
0 0.54326730078125 0.5111225078125 0.56061077734375 0.318683767578125 0.477540341796875 0.315057712890625 0.4385071015625 0.512804927734375 0.54326730078125 0.5111225078125
0 0.42170319140625 0.513302822265625 0.464168623046875 0.3130108125 0.38421574609375 0.30591016796875 0.326061037109375 0.5076061640625 0.42170319140625 0.513302822265625
0 0.308457126953125 0.50812776171875 0.36753662890625 0.311609228515625 0.28709740234375 0.30680229296875 0.21336242578125 0.5081022109375 0.308457126953125 0.50812776171875
0 0.192866392578125 0.303989388671875 0.106517994140625 0.50273846484375 0.19969580859375 0.509928734375 0.274630181640625 0.311142599609375 0.192866392578125 0.303989388671875
0 0 0.86032716015625 0.060714515625 0.86804313671875 0.180493326171875 0.546229904296875 0.088132373046875 0.538824828125 0 0.742777626953125 0 0.86032716015625
0 0.205167326171875 0.872292560546875 0.297757373046875 0.551095310546875 0.197164744140625 0.547721388671875 0.078508263671875 0.863250166015625 0.205167326171875 0.872292560546875
0 0.415193833984375 0.551880466796875 0.31222398828125 0.549245083984375 0.2220451328125 0.8666422109375 0.34820993359375 0.872319015625 0.415193833984375 0.551880466796875
0 0.503675703125 0.880507876953125 0.53698907421875 0.562488556640625 0.428683392578125 0.56071611328125 0.36617094921875 0.881738923828125 0.503675703125 0.880507876953125
0 0.63481955859375 0.8965253125 0.64882441796875 0.563439673828125 0.55382305859375 0.557008271484375 0.51948926171875 0.88430408203125 0.63481955859375 0.8965253125
