1 0.4286024305555556 0.3060474537037037 0.13142361111111112 0.15912181712962958
1 0.8466362847222222 0.3847873263888889 0.14162326388888902 0.2666594328703704
1 0.65554255859375 0.494445201171875 0.64674348046875 0.4773015859375 0.632209330078125 0.492120384765625 0.507209740234375 0.420953904296875 0.51431490234375 0.399504447265625 0.502490744140625 0.391816861328125 0.49532263671875 0.41607517578125 0.492218650390625 0.427915771484375 0.49527642578125 0.43236428125 0.49727103125 0.427840919921875 0.618090923828125 0.50244015234375 0.616224916015625 0.515386330078125 0.635498783203125 0.514538830078125 0.65554255859375 0.494445201171875
1 0.47392721875 0.316718755859375 0.4687590078125 0.329455935546875 0.47726315625 0.34449538671875 0.488402412109375 0.34039851171875 0.49751013671875 0.34251048828125 0.51113786328125 0.340061689453125 0.590381740234375 0.382137115234375 0.59270789453125 0.391089337890625 0.61165392578125 0.39080865625 0.61080299609375 0.37228593359375 0.600860548828125 0.3651314921875 0.597590509765625 0.37023476953125 0.511765892578125 0.326009927734375 0.486732986328125 0.330312638671875 0.47392721875 0.316718755859375
0 0.544838578125 0.749823732421875 0.756136412109375 0.6090503984375 0.624632529296875 0.525653830078125 0.41583542578125 0.631535302734375 0.544838578125 0.749823732421875
0 0.63071769921875 0.525921376953125 0.7636844921875 0.606585302734375 0.90250275 0.511785265625 0.781420646484375 0.448985470703125 0.63071769921875 0.525921376953125
0 0.381267791015625 0.59607903515625 0.583939599609375 0.503350861328125 0.488273375 0.440031453125 0.29502873046875 0.5136657578125 0.381267791015625 0.59607903515625
0 0.49394448046875 0.4405093984375 0.591064390625 0.500106982421875 0.73772901953125 0.429857720703125 0.642278267578125 0.38495184375 0.49394448046875 0.4405093984375
0 0.2637052109375 0.49386153125 0.457887486328125 0.4236378203125 0.38629434375 0.375215697265625 0.202922255859375 0.430730376953125 0.2637052109375 0.49386153125
0 0.391006931640625 0.376626560546875 0.462772103515625 0.42199629296875 0.6067193203125 0.37254034375 0.528645912109375 0.3335849609375 0.391006931640625 0.376626560546875
