0 0.17175520833333333 0.5646666666666667 0.13122395833333333 0.15451851851851853
0 0.6171875 0.8415833333333333 0.06085416666666667 0.17621296296296296
0 0.8002916666666666 0.5572962962962963 0.13916145833333332 0.15451851851851853
0 0.7060572916666668 0.5638055555555556 0.11920312500000001 0.1539722222222222
0 0.4985364583333334 0.8489629629629629 0.05319270833333333 0.1774074074074074
0 0.26953125 0.8654537037037038 0.09399479166666666 0.18218518518518517
0 0.10357812500000001 0.8602407407407406 0.09417708333333333 0.17501851851851852
0 0.4396979166666667 0.8532962962962962 0.063109375 0.17372222222222222
0 0.5561510416666666 0.8441851851851853 0.05090104166666667 0.17404629629629628
0 0.6206041666666666 0.5611944444444444 0.09533854166666668 0.15646296296296294
0 0.5317395833333334 0.5638055555555556 0.07501041666666668 0.15983333333333333
0 0.4409166666666666 0.5633703703703704 0.072265625 0.16048148148148147
0 0.35425 0.5651018518518518 0.09741145833333334 0.15787962962962962
0 0.6962916666666668 0.8459166666666667 0.08630208333333332 0.1808796296296296
0 0.26795833333333335 0.5657407407407408 0.12033333333333333 0.1515462962962963
0 0.085703125 0.5618888888888889 0.15671875 0.15309259259259259
0 0.16272395833333334 0.8569444444444444 0.11465624999999999 0.19227777777777777
0 0.3879375 0.8580925925925926 0.07568229166666667 0.19922222222222222
