0 0.7094739583333334 0.5966018518518519 0.12989062499999998 0.14844444444444443
0 0.6157239583333334 0.6059074074074075 0.11126562499999999 0.14496296296296296
0 0.078796875 0.6236944444444444 0.14343229166666666 0.1539722222222222
0 0.5405260416666666 0.6072037037037037 0.09155208333333334 0.1496296296296296
0 0.4504375 0.6115462962962963 0.07708854166666666 0.1490925925925926
0 0.3588854166666666 0.6141481481481481 0.07965104166666667 0.15125925925925926
0 0.2690416666666666 0.6197962962962963 0.10778645833333332 0.15125925925925926
0 0.6220729166666668 0.8984351851851852 0.08416666666666667 0.18446296296296297
0 0.5458854166666666 0.896287037037037 0.06311979166666666 0.18762962962962962
0 0.4821770833333333 0.90625 0.05389583333333334 0.17653703703703702
0 0.42578125 0.9147962962962963 0.056854166666666664 0.1704074074074074
0 0.36840625 0.9166944444444444 0.06634374999999999 0.1666111111111111
0 0.3107916666666667 0.9192685185185184 0.07610937499999999 0.16102777777777777
0 0.24963541666666667 0.9227407407407406 0.08496354166666667 0.1539722222222222
0 0.13757291666666666 0.9260277777777778 0.09741145833333334 0.1479537037037037
0 0.18006250000000001 0.6262962962962962 0.1179375 0.16616666666666668
0 0.19286458333333334 0.9220648148148148 0.09927083333333334 0.15586111111111112
0 0.07333333333333333 0.9220648148148148 0.116359375 0.15586111111111112
0 0.03447395833333333 0.6224444444444445 0.06895312499999999 0.1492037037037037
