0 0.8454314609375 0.815071275390625 0.8252685390625 0.731184501953125 0.6506994375 0.709044978515625 0.65552752734375 0.775099796875 0.8454314609375 0.815071275390625
0 0.603223595703125 0.777458615234375 0.60279662890625 0.70494480078125 0.435851123046875 0.671013634765625 0.419757865234375 0.750614587890625 0.603223595703125 0.777458615234375
0 0.8848191015625 0.671390078125 0.721511236328125 0.650088638671875 0.7271438203125 0.711876251953125 0.90497752734375 0.738511685546875 0.8848191015625 0.671390078125
0 0.7110505625 0.712712205078125 0.703920224609375 0.650690119140625 0.54367752734375 0.622020205078125 0.538044943359375 0.68625558984375 0.7110505625 0.712712205078125
0 0.52114662890625 0.6856297265625 0.52751573046875 0.620156619140625 0.379524158203125 0.604484451171875 0.362625841796875 0.6654375859375 0.52114662890625 0.6856297265625
0 0.886469662109375 0.666222208984375 0.870212359375 0.614849087890625 0.7142691015625 0.595400412109375 0.708636517578125 0.606648796875 0.7142691015625 0.649820412109375 0.886469662109375 0.666222208984375
0 0.867157302734375 0.6168159375 0.8454932578125 0.559933564453125 0.7013943828125 0.5476655703125 0.710245505859375 0.600980388671875 0.867157302734375 0.6168159375
0 0.84382191015625 0.5643966640625 0.830886517578125 0.52139257421875 0.69656629296875 0.508819751953125 0.702198876953125 0.544830365234375 0.84382191015625 0.5643966640625
0 0.833361236328125 0.51961423046875 0.8196505625 0.478976427734375 0.689324158203125 0.4684535234375 0.693347751953125 0.504404546875 0.833361236328125 0.51961423046875
0 0.817267416015625 0.4817841640625 0.808414607421875 0.44456028125 0.689324158203125 0.4383795234375 0.691738203125 0.47283893359375 0.817267416015625 0.4817841640625
0 0.80841629296875 0.44422234375 0.79717865234375 0.412144134765625 0.6820820234375 0.402309296875 0.6853005625 0.431070501953125 0.80841629296875 0.44422234375
0 0.7939320234375 0.412179890625 0.78706629296875 0.385769603515625 0.678863482421875 0.376412091796875 0.6820820234375 0.402309296875 0.7939320234375 0.412179890625
0 0.672425841796875 0.40195166015625 0.663470787109375 0.3691919921875 0.562185392578125 0.364930681640625 0.55977134765625 0.393483271484375 0.672425841796875 0.40195166015625
0 0.677253931640625 0.429339478515625 0.673583146484375 0.3995665234375 0.5613808984375 0.390677884765625 0.55655280859375 0.41914106640625 0.677253931640625 0.429339478515625
0 0.682886517578125 0.46535109375 0.67807752734375 0.429732982421875 0.560575841796875 0.419290068359375 0.5549432578125 0.453451453125 0.682886517578125 0.46535109375
0 0.68691011328125 0.504166115234375 0.683695505859375 0.465941056640625 0.55333370703125 0.454823841796875 0.549310673828125 0.49047783984375 0.68691011328125 0.504166115234375
0 0.689324158203125 0.5443535234375 0.68706629296875 0.506065900390625 0.55172471875 0.490567248046875 0.547701123046875 0.5290842265625 0.689324158203125 0.5443535234375
0 0.693347751953125 0.600354546875 0.689313482421875 0.55014912890625 0.549310673828125 0.53057583984375 0.545287078125 0.577685818359375 0.693347751953125 0.600354546875
0 0.69978483203125 0.64355495703125 0.69268426953125 0.59627397265625 0.5485056171875 0.5720760234375 0.5420685390625 0.62339261328125 0.69978483203125 0.64355495703125
0 0.52758426953125 0.618560158203125 0.5291938203125 0.572792771484375 0.397226966796875 0.553584109375 0.38354719140625 0.601768451171875 0.52758426953125 0.618560158203125
0 0.533216853515625 0.572941771484375 0.538751685546875 0.528572765625 0.408492134765625 0.506743337890625 0.394812921875 0.552062701171875 0.533216853515625 0.572941771484375
0 0.54045898828125 0.528816 0.544369662109375 0.48478083984375 0.419757865234375 0.469925587890625 0.405273595703125 0.5080561328125 0.54045898828125 0.528816
0 0.5420685390625 0.49020961328125 0.544369662109375 0.44878083984375 0.431023033203125 0.43597281640625 0.41895280859375 0.475624771484375 0.5420685390625 0.49020961328125
0 0.544482583984375 0.455928021484375 0.54774044921875 0.41690568359375 0.43826516796875 0.40760004296875 0.4302185390625 0.44024001953125 0.544482583984375 0.455928021484375
0 0.5485056171875 0.4217070234375 0.553358427734375 0.387113755859375 0.446311796875 0.37925606640625 0.437460673828125 0.406138248046875 0.5485056171875 0.4217070234375
0 0.5485056171875 0.3930660234375 0.55223483203125 0.363072142578125 0.4527494375 0.353716498046875 0.44470280859375 0.380628474609375 0.5485056171875 0.3930660234375
0 0.549310673828125 0.36731783984375 0.5544820234375 0.34115537109375 0.459991572265625 0.332503724609375 0.450335392578125 0.356492087890625 0.549310673828125 0.36731783984375
0 0.338485392578125 0.49985449609375 0.336504494140625 0.46308212890625 0.242729212890625 0.440455970703125 0.22743988671875 0.47569169921875 0.222612359375 0.51704390234375 0.32319662890625 0.52649724609375 0.338485392578125 0.49985449609375
0 0.319173033203125 0.57217522265625 0.32302134765625 0.52658275390625 0.226635392578125 0.520056904296875 0.225025841796875 0.560095291015625 0.319173033203125 0.57217522265625
0 0.223416853515625 0.56003569921875 0.224144943359375 0.5189206640625 0.225025841796875 0.484195291015625 0.15019101171875 0.469966630859375 0.12766011328125 0.49920615234375 0.123637078125 0.542019150390625 0.223416853515625 0.56003569921875
