1 0 0.261189208984375 0.118894443359375 0.416607087890625 0.2411811015625 0.393931232421875 0.353034072265625 0.498728189453125 0.257841943359375 0.550118361328125 0.403232435546875 0.73687628125 0.614716826171875 0.682981853515625 0.72092706640625 0.818210095703125 0.89603994921875 0.892150306640625 0.92359312109375 0.832132203125 0.686539541015625 0.63720741015625 0.698176875 0.586605490234375 0.74360703125 0.5650652109375 0.55736711328125 0.435928732421875 0.473660099609375 0.455484287109375 0.327709599609375 0.35916028125 0.396356919921875 0.35077205078125 0.186193962890625 0.2203951171875 0 0.23899928125 0 0.261189208984375
0 0.70436096875 0.757611076171875 0.58535665234375 0.6439090859375 0.284011916015625 0.83928138671875 0.385890703125 0.9971254375 0.70436096875 0.757611076171875
0 0 0.95895587890625 0.403010970703125 0.731032767578125 0.32955549609375 0.635765572265625 0 0.788239576171875 0 0.95895587890625
0 0 0.7729325390625 0.315111111328125 0.6311258828125 0.259352275390625 0.5570241484375 0 0.6489265078125 0 0.7729325390625
0 0.966971556640625 0.6022497421875 0.935444646484375 0.58354656640625 0.773910095703125 0.71450865625 0.924449 0.83388333203125 0.95598034375 0.787726453125 0.966971556640625 0.6022497421875
0 0.8124582578125 0.520843435546875 0.66835976953125 0.60383461328125 0.769269486328125 0.70234939453125 0.926832138671875 0.5830999921875 0.8124582578125 0.520843435546875
0 0.692285021484375 0.5726450390625 0.60767658984375 0.510225126953125 0.395282982421875 0.611864244140625 0.47238615625 0.687549943359375 0.692285021484375 0.5726450390625
0 0.535306369140625 0.451853287109375 0.32094937109375 0.53802890234375 0.387618759765625 0.606280802734375 0.60012215625 0.508126666015625 0.535306369140625 0.451853287109375
0 0.795591587890625 0.432919416015625 0.636637580078125 0.49124438671875 0.710013685546875 0.56503008203125 0.876462404296875 0.4766859375 0.795591587890625 0.432919416015625
0 0.7160683359375 0.398072595703125 0.56910137890625 0.44848537109375 0.630140685546875 0.487494013671875 0.778783470703125 0.428714001953125 0.7160683359375 0.398072595703125
