1 0.5960720486111111 0.4105902777777778 0.10008680555555571 0.14952256944444442
1 0.7751519097222223 0.48166232638888884 0.05201822916666665 0.1410951967592593
1 0.195086939453125 0.654840513671875 0.18360303515625 0.661470666015625 0.194725595703125 0.699089251953125 0.204454359375 0.696953611328125 0.2095943359375 0.671625736328125 0.3853030234375 0.601803765625 0.3911979765625 0.61366658984375 0.3995792421875 0.605718552734375 0.386441833984375 0.576180505859375 0.195086939453125 0.654840513671875
1 0.1167281875 0.561554271484375 0.117149966796875 0.5520642109375 0.275552958984375 0.5003210859375 0.28087478125 0.511030455078125 0.285940470703125 0.5074383984375 0.2744777265625 0.48437226953125 0.099685423828125 0.545720171875 0.10844530859375 0.567288591796875 0.1167281875 0.561554271484375
1 0.6799923828125 0.631048591796875 0.67861308203125 0.611902818359375 0.6526434375 0.594109970703125 0.507786033203125 0.6722479453125 0.499427388671875 0.701655744140625 0.517200064453125 0.721345650390625 0.527740970703125 0.71498573046875 0.527788345703125 0.70388121875 0.51898038671875 0.69132690234375 0.65983667578125 0.612892548828125 0.668808125 0.63180684765625 0.6799923828125 0.631048591796875
1 0.51577098046875 0.519700734375 0.5091853671875 0.507311033203125 0.4947615703125 0.50068859375 0.357323283203125 0.552397943359375 0.35068940625 0.57317713671875 0.361965037109375 0.588447408203125 0.371990958984375 0.58363605859375 0.371628810546875 0.571707357421875 0.366540767578125 0.565776455078125 0.500867322265625 0.513836607421875 0.509781296875 0.524018203125 0.51577098046875 0.519700734375
1 0.656816390625 0.49524973046875 0.666701736328125 0.493601404296875 0.6700595 0.4882961171875 0.66070139453125 0.47808162109375 0.652184736328125 0.479037474609375 0.641726375 0.473501630859375 0.628143982421875 0.47805053515625 0.5357222890625 0.52039871484375 0.522228357421875 0.52493721484375 0.530878169921875 0.53908249609375 0.54455316015625 0.54247603125 0.545150685546875 0.529031697265625 0.6424628828125 0.48704578125 0.656816390625 0.49524973046875
1 0.53829328515625 0.419874978515625 0.52820932421875 0.4159535859375 0.508649548828125 0.414504712890625 0.4146024765625 0.443243896484375 0.401500671875 0.452831896484375 0.41132509765625 0.4668048828125 0.420731140625 0.46591491015625 0.421562447265625 0.457249041015625 0.517527798828125 0.425477521484375 0.528395728515625 0.431836564453125 0.53964971484375 0.4294967578125 0.53829328515625 0.419874978515625
0 0.501118583984375 0.725915880859375 0.348964244140625 0.58689697265625 0.210593603515625 0.6425843359375 0.344994421875 0.816706876953125 0.501118583984375 0.725915880859375
0 0.24381178125 0.4942080390625 0.127419623046875 0.533987765625 0.205056095703125 0.641066140625 0.34585251171875 0.586666474609375 0.24381178125 0.4942080390625
0 0.6595683046875 0.629473865234375 0.502310953125 0.524989728515625 0.394090009765625 0.570488927734375 0.548555662109375 0.6962323359375 0.6595683046875 0.629473865234375
0 0.384543275390625 0.450210478515625 0.2848343203125 0.480910837890625 0.39004731640625 0.56686544140625 0.49664335546875 0.52456990625 0.384543275390625 0.450210478515625
0 0.7757439453125 0.56071726171875 0.61784472265625 0.478204154296875 0.535303470703125 0.51446162890625 0.693607384765625 0.609976705078125 0.7757439453125 0.56071726171875
0 0.500084455078125 0.418303298828125 0.41564247265625 0.44418360546875 0.5307580546875 0.511631662109375 0.6144579375 0.4791430703125 0.500084455078125 0.418303298828125
