1 0.452421232421875 0.347785603515625 0.453356375 0.33447134765625 0.454545666015625 0.330863501953125 0.441022611328125 0.333064736328125 0.4397586015625 0.342287775390625 0.43534733984375 0.34302794921875 0.433720947265625 0.380666376953125 0.365747046875 0.400438318359375 0.362380517578125 0.430204314453125 0.3696021796875 0.45033563671875 0.345757080078125 0.45857090234375 0.344934806640625 0.465754876953125 0.353185607421875 0.47199283984375 0.379167623046875 0.46234915234375 0.380044291015625 0.450514142578125 0.373804099609375 0.428898380859375 0.37460453125 0.418092546875 0.44019033203125 0.399195658203125 0.4450052578125 0.349876341796875 0.452421232421875 0.347785603515625
1 0.195410310546875 0.389488958984375 0.193280166015625 0.4039357421875 0.209579228515625 0.40347146484375 0.20809275390625 0.423538869140625 0.20418953515625 0.433102583984375 0.201047875 0.4794316875 0.212938298828125 0.507112041015625 0.201978220703125 0.51000177734375 0.2037408359375 0.521495103515625 0.217515076171875 0.519827240234375 0.224597392578125 0.51047546484375 0.214205994140625 0.478240380859375 0.218404873046875 0.429396619140625 0.22456939453125 0.404987431640625 0.2170646328125 0.392594671875 0.21045589453125 0.391636455078125 0.20819778515625 0.38683226171875 0.195410310546875 0.389488958984375
1 0.31288184765625 0.47892259375 0.32352686328125 0.48449418359375 0.338183935546875 0.478749154296875 0.432171611328125 0.53517193359375 0.432298404296875 0.54914235546875 0.447479123046875 0.548085888671875 0.45641029296875 0.537305478515625 0.44987091015625 0.527562212890625 0.44534533203125 0.529845646484375 0.3433956328125 0.46720314453125 0.32939332421875 0.471957568359375 0.322221658203125 0.4668258046875 0.31288184765625 0.47892259375
1 0.486028453125 0.51243684765625 0.46453708203125 0.522974380859375 0.466432783203125 0.533882109375 0.48020014453125 0.52445837109375 0.608204974609375 0.596076671875 0.601640556640625 0.602361212890625 0.600512779296875 0.61366184765625 0.606969685546875 0.6166774453125 0.617542275390625 0.611177751953125 0.61842837890625 0.587449916015625 0.486028453125 0.51243684765625
1 0.4393772109375 0.700131583984375 0.428692455078125 0.711230830078125 0.42749301953125 0.727262232421875 0.43426054296875 0.73391793359375 0.456168640625 0.712626833984375 0.45142371875 0.706105970703125 0.452872111328125 0.686552650390625 0.3182172734375 0.58708572265625 0.288461955078125 0.6006148828125 0.287067390625 0.61551712890625 0.290595748046875 0.618855125 0.30584702734375 0.6090126796875 0.308616228515625 0.602992759765625 0.4393772109375 0.700131583984375
1 0.570803150390625 0.487481349609375 0.58615307421875 0.479810041015625 0.472975939453125 0.42408043359375 0.464829529296875 0.428190994140625 0.4566392890625 0.425059837890625 0.449032765625 0.429723013671875 0.450963453125 0.43502301171875 0.46067569140625 0.437221375 0.471597615234375 0.43484673046875 0.56557273828125 0.4757568359375 0.565677126953125 0.486105357421875 0.570803150390625 0.487481349609375
1 0.572256525390625 0.6290895234375 0.5777429921875 0.634575015625 0.58226233203125 0.6245347421875 0.754465876953125 0.72288551953125 0.753519779296875 0.7435065859375 0.762424779296875 0.748753904296875 0.777691734375 0.734775474609375 0.779489314453125 0.718349216796875 0.76964084765625 0.7140732578125 0.766559900390625 0.716452998046875 0.7654582890625 0.711725904296875 0.58885915625 0.609979314453125 0.572256525390625 0.6290895234375
1 0.858274517578125 0.631043107421875 0.864738185546875 0.633423236328125 0.87353147265625 0.62895746875 0.877292296875 0.609558310546875 0.711078244140625 0.53229096484375 0.7024682578125 0.5348187265625 0.69702785546875 0.549452259765625 0.70190276953125 0.550293876953125 0.705615439453125 0.54330259765625 0.859379890625 0.616120572265625 0.858274517578125 0.631043107421875
0 0.755756064453125 0.697649919921875 0.61930930859375 0.62235088671875 0.45180785546875 0.735802533203125 0.600347490234375 0.851707966796875 0.755756064453125 0.697649919921875
0 0.625243361328125 0.6201613515625 0.7600577734375 0.694326404296875 0.853337357421875 0.599171642578125 0.73466990625 0.5426534140625 0.625243361328125 0.6201613515625
0 0.577826900390625 0.59768602734375 0.473972333984375 0.53716703125 0.304885966796875 0.617418802734375 0.40910625390625 0.700379181640625 0.577826900390625 0.59768602734375
0 0.480271126953125 0.53612402734375 0.583636244140625 0.595907748046875 0.696582279296875 0.52520698046875 0.602083513671875 0.479608314453125 0.480271126953125 0.53612402734375
0 0.270033673828125 0.596282548828125 0.441938212890625 0.5214677890625 0.36246993359375 0.473690537109375 0.197251888671875 0.5319651796875 0.270033673828125 0.596282548828125
0 0.368326396484375 0.473046708984375 0.448554408203125 0.519742287109375 0.5699975859375 0.468456150390625 0.487086482421875 0.43028948046875 0.368326396484375 0.473046708984375
