0 0.7268854166666666 0.8192870370370371 0.43364583333333334 0.36142592592592593
0 0.8536822916666666 0.7079722222222222 0.29263020833333336 0.2684537037037037
0 0.9140520833333333 0.5870000000000001 0.16738020833333334 0.10498148148148148
0 0.6895729166666666 0.5715555555555555 0.20977083333333332 0.13125925925925924
0 0.5422656250000001 0.6177592592592592 0.24639583333333331 0.1590648148148148
0 0.4603802083333333 0.5308981481481482 0.15682291666666667 0.10991666666666666
0 0.7863229166666666 0.534537037037037 0.19848958333333336 0.1158425925925926
0 0.6775833333333333 0.4776944444444444 0.14611458333333335 0.05958333333333333
0 0.579609375 0.49567592592592596 0.15563020833333333 0.05771296296296296
1 0.88265625 0.6664074074074074 0.23208854166666668 0.19237962962962965
1 0.7262135416666666 0.5379814814814815 0.20382291666666666 0.09756481481481481
