0 0.6785445601851852 0.25470196759259256 0.07195457175925934 0.07186776620370372
0 0.562244638671875 0.649870435546875 0.406247810546875 0.539418794921875 0.2805002109375 0.604028083984375 0.419767359375 0.75668183984375 0.562244638671875 0.649870435546875
0 0.398068255859375 0.541057634765625 0.303861724609375 0.46305257421875 0.189976837890625 0.512692791015625 0.27631173046875 0.604183212890625 0.398068255859375 0.541057634765625
0 0.69981790625 0.549921064453125 0.54002428515625 0.46766475 0.44712538671875 0.5194942890625 0.601287455078125 0.620368767578125 0.69981790625 0.549921064453125
0 0.5377049375 0.466415689453125 0.42796892578125 0.40768830859375 0.33909646875 0.447051814453125 0.44169666796875 0.515963806640625 0.5377049375 0.466415689453125
0 0.800321501953125 0.474055771484375 0.6481754375 0.408884703125 0.573781892578125 0.45323277734375 0.73252689453125 0.528670279296875 0.800321501953125 0.474055771484375
0 0.52577019921875 0.36665914453125 0.45530018359375 0.39866067578125 0.57054397265625 0.451486927734375 0.6423147578125 0.411773552734375 0.52577019921875 0.36665914453125
1 0.42610312890625 0.5308294375 0.256511857421875 0.623948365234375 0.271103021484375 0.65698628125 0.28151212109375 0.650696517578125 0.28062315625 0.633552197265625 0.440819966796875 0.54555199609375 0.44710723046875 0.55295387890625 0.452999376953125 0.55273565234375 0.444998939453125 0.532992623046875 0.434038904296875 0.528626833984375 0.42610312890625 0.5308294375
1 0.7018782578125 0.53970054296875 0.704564427734375 0.5500978984375 0.715079482421875 0.54589201171875 0.71355613671875 0.5268625 0.686181310546875 0.516425197265625 0.559779962890625 0.604128056640625 0.555379796875 0.633130291015625 0.572278044921875 0.64851556640625 0.58478786328125 0.641372767578125 0.58239087109375 0.62619298828125 0.574010638671875 0.619823896484375 0.696027865234375 0.530374724609375 0.7018782578125 0.53970054296875
1 0.1692864609375 0.528820015625 0.17778033203125 0.54581794140625 0.18527980859375 0.54554018359375 0.185997650390625 0.5283363515625 0.328195248046875 0.46581384375 0.33477880078125 0.4789298828125 0.338767279296875 0.4730561015625 0.326918849609375 0.451546904296875 0.317911345703125 0.453789201171875 0.1692864609375 0.528820015625
1 0.549714935546875 0.46532438671875 0.55531079296875 0.45939200390625 0.551553943359375 0.4490343046875 0.541665109375 0.44462884375 0.530853240234375 0.443120595703125 0.40803819140625 0.506833916015625 0.402920490234375 0.525498349609375 0.414439505859375 0.5371339453125 0.42656184375 0.532867599609375 0.424411275390625 0.52245040625 0.419780732421875 0.515941505859375 0.537874140625 0.45431174609375 0.549714935546875 0.46532438671875
1 0.682360650390625 0.4043889296875 0.678272869140625 0.408357701171875 0.66677723046875 0.40401175 0.657720859375 0.405301513671875 0.559611650390625 0.46905228125 0.5787371796875 0.475979607421875 0.5820424609375 0.467269033203125 0.669512265625 0.41536163671875 0.683249568359375 0.4215323203125 0.69444891796875 0.4201641171875 0.694004412109375 0.4115914921875 0.682360650390625 0.4043889296875
1 0.447944072265625 0.4168883984375 0.461433904296875 0.41829652734375 0.46308298828125 0.408692951171875 0.544816451171875 0.370357884765625 0.5575808515625 0.378474220703125 0.57055948046875 0.37669028515625 0.554887521484375 0.357579353515625 0.54139769140625 0.35617122265625 0.4567463828125 0.400339484375 0.44963486328125 0.397739845703125 0.440585607421875 0.4095261875 0.447944072265625 0.4168883984375
1 0.63904140625 0.365913728515625 0.6318041484375 0.391947177734375 0.658355240234375 0.407186705078125 0.662781068359375 0.3993880390625 0.64275655078125 0.38581640625 0.648098298828125 0.3646239453125 0.64477011328125 0.341844841796875 0.584712783203125 0.322121158203125 0.5824486875 0.28880580078125 0.568077529296875 0.280749908203125 0.5653972421875 0.291589505859375 0.57461169140625 0.292913431640625 0.57703158984375 0.339582892578125 0.636940751953125 0.35644903125 0.63904140625 0.365913728515625
1 0.777759119140625 0.3397823515625 0.781876966796875 0.377800767578125 0.7843880078125 0.415878697265625 0.774472693359375 0.4420103984375 0.778913837890625 0.455205783203125 0.79440611328125 0.464174494140625 0.795222783203125 0.448876623046875 0.786792587890625 0.441554107421875 0.7975403203125 0.421116701171875 0.7939993046875 0.373534421875 0.79107439453125 0.368871966796875 0.790819810546875 0.353612837890625 0.805479673828125 0.356887251953125 0.805322908203125 0.337343482421875 0.792460736328125 0.333512720703125 0.777759119140625 0.3397823515625
