0 0.200796875 0.31402407421875 0.1194828125 0.3166768515625 0.058344791015625 0.495017591796875 0.1567828125 0.485078703125 0.199305208984375 0.327284259765625 0.200796875 0.31402407421875
0 0.00086875 0.792712037109375 0.068008853515625 0.788734259765625 0.139625 0.526185185546875 0.044136458984375 0.528837037109375 0.00086875 0.658785185546875 0.00086875 0.792712037109375
0 0.233344791015625 0.239462037109375 0.195575 0.37502037109375 0.273905208984375 0.37767222265625 0.302998958984375 0.231812037109375 0.233344791015625 0.239462037109375
0 0.270921353515625 0.40817037109375 0.187511458984375 0.411684259765625 0.134403125 0.6137018515625 0.229891146484375 0.60574537109375 0.270921353515625 0.40817037109375
0 0.223922916015625 0.664089814453125 0.119803125 0.670943517578125 0.027724478515625 0.998242591796875 0.159020833984375 0.99907407421875 0.223922916015625 0.664089814453125
0 0.284349478515625 0.760887962890625 0.244065103515625 0.7794518515625 0.203034896484375 0.994264814453125 0.319411458984375 0.986308333984375 0.351489583984375 0.64817777734375 0.297928125 0.656128703125 0.284349478515625 0.760887962890625
0 0.319411458984375 0.402866666015625 0.289594791015625 0.415387962890625 0.261969271484375 0.5102731484375 0.3037453125 0.512925 0.3089671875 0.523533333984375 0.307475 0.607071296875 0.352235416015625 0.603093517578125 0.3731234375 0.405518517578125 0.319411458984375 0.402866666015625
0 0.328136458984375 0.22835092578125 0.311951041015625 0.298112037109375 0.337315103515625 0.300763888671875 0.329109375 0.360434259765625 0.33433125 0.371042591796875 0.370885416015625 0.369716666015625 0.385059375 0.233137962890625 0.328136458984375 0.22835092578125
0 0.396886458984375 0.23020277734375 0.384313541015625 0.371042591796875 0.468611458984375 0.368390740234375 0.465627603515625 0.234463888671875 0.396886458984375 0.23020277734375
0 0.384386458984375 0.409832408203125 0.368647396484375 0.601767591796875 0.468611458984375 0.593811111328125 0.467119791015625 0.397562962890625 0.384386458984375 0.409832408203125
0 0.363553125 0.648721296875 0.337315103515625 0.98100462890625 0.465627603515625 0.9677444453125 0.465627603515625 0.640221296875 0.363553125 0.648721296875
0 0.543211978515625 0.234463888671875 0.475325521484375 0.237115740234375 0.476817708984375 0.367064814453125 0.55589375 0.360434259765625 0.543211978515625 0.234463888671875
0 0.479178125 0.395017591796875 0.48129375 0.593811111328125 0.5760359375 0.593811111328125 0.558131771484375 0.392258333984375 0.479178125 0.395017591796875
0 0.58275 0.629613888671875 0.482303125 0.641313888671875 0.491738021484375 0.962440740234375 0.612590103515625 0.946528703125 0.58275 0.629613888671875
0 0.619304166015625 0.223856482421875 0.553136458984375 0.22649907421875 0.567083853515625 0.365738888671875 0.64690625 0.360434259765625 0.619304166015625 0.223856482421875
0 0.649890103515625 0.385628703125 0.572928125 0.385758333984375 0.585733853515625 0.5858555546875 0.6879359375 0.5765731484375 0.649890103515625 0.385628703125
0 0.699126041015625 0.625635185546875 0.600011458984375 0.62835092578125 0.635716146484375 0.9491805546875 0.7602984375 0.937246296875 0.699126041015625 0.625635185546875
0 0.65735 0.361760185546875 0.696888021484375 0.361760185546875 0.683459896484375 0.2848518515625 0.702109896484375 0.2822 0.6879359375 0.225182408203125 0.629178125 0.22649907421875 0.65735 0.361760185546875
0 0.705094271484375 0.385628703125 0.664594791015625 0.389462037109375 0.7013640625 0.5765731484375 0.746124478515625 0.5712694453125 0.7334421875 0.494361111328125 0.771488541015625 0.4864055546875 0.762536458984375 0.446625 0.722252083984375 0.438668517578125 0.705094271484375 0.385628703125
0 0.887864583984375 0.933268517578125 0.828930728515625 0.721107408203125 0.795360416015625 0.715803703125 0.76925 0.61502777734375 0.710428125 0.62649907421875 0.781186458984375 0.9438768515625 0.887864583984375 0.933268517578125
0 0.7759640625 0.21987777734375 0.710428125 0.22279537109375 0.742394271484375 0.35380462890625 0.823708333984375 0.3498268515625 0.7759640625 0.21987777734375
0 0.836390625 0.38165092578125 0.759386458984375 0.38205462890625 0.813264583984375 0.5712694453125 0.905022396484375 0.563312962890625 0.836390625 0.38165092578125
0 0.999479166015625 0.921334259765625 0.996780728515625 0.798015740234375 0.9229265625 0.61502777734375 0.833344791015625 0.617239814453125 0.928894791015625 0.927964814453125 0.999479166015625 0.921334259765625
0 0.854294271484375 0.21987777734375 0.789594791015625 0.219091666015625 0.828930728515625 0.356456482421875 0.9072609375 0.339218517578125 0.854294271484375 0.21987777734375
0 0.9975265625 0.554031482421875 0.998272916015625 0.523533333984375 0.929640625 0.37767222265625 0.851310416015625 0.376346296875 0.922180728515625 0.563312962890625 0.9975265625 0.554031482421875
0 0.929640625 0.210596296875 0.864594791015625 0.211684259765625 0.9177046875 0.3405444453125 0.998272916015625 0.331262037109375 0.929640625 0.210596296875
1 0.22243125 0.404192591796875 0.225415103515625 0.38695462890625 0.193336978515625 0.3789981484375 0.2127328125 0.3073944453125 0.201543228515625 0.304742591796875 0.1247046875 0.306068517578125 0.120975 0.323306482421875 0.1970671875 0.3219805546875 0.153798958984375 0.48375277734375 0.113515103515625 0.489057408203125 0.1090390625 0.520881482421875 0.140370833984375 0.527511111328125 0.068008853515625 0.795363888671875 0.00086875 0.795363888671875 0.000011458984375 0.848721296875 0.072484896484375 0.8404481484375 0.115006771484375 0.6707194453125 0.2209390625 0.660111111328125 0.2261609375 0.6137018515625 0.1329109375 0.616353703125 0.160513021484375 0.5102731484375 0.1888609375 0.41214907421875 0.22243125 0.404192591796875
