0 0.03165940234375 0.50237655859375 0.023877125 0.53723532421875 0.039529796875 0.889420435546875 0.514153078125 0.908452314453125 0.51935169921875 0.5215925625 0.03165940234375 0.50237655859375
0 1 0.538250669921875 0.71385346484375 0.527900931640625 0.73119203515625 0.9175415625 1 0.936628232421875 1 0.538250669921875
0 0.86159193359375 0.488110291015625 0.8271846796875 0.18158534375 0.392245435546875 0.1731851796875 0.37169148046875 0.4729564609375 0.86159193359375 0.488110291015625
0 0.007887892578125 0.164643900390625 0.00953003125 0.21442571875 0.02035862109375 0.458068958984375 0.28108157421875 0.46667674609375 0.311931185546875 0.1715573203125 0.007887892578125 0.164643900390625
0 0 0 0.005615095703125 0.126339640625 0.315617923828125 0.131760185546875 0.327771958984375 0.007283822265625 0 0
0 0.403798130859375 0.008973291015625 0.3960648515625 0.13354789453125 0.823075880859375 0.143096611328125 0.810759611328125 0.018016880859375 0.403798130859375 0.008973291015625
0 1 0.194079421875 0.9154155390625 0.190769505859375 0.954222765625 0.4859016015625 1 0.489311783203125 1 0.194079421875
0 1 0.02222222265625 0.890028720703125 0.019778416015625 0.9078850546875 0.14690778515625 1 0.151027271484375 1 0.02222222265625
1 0.33448695703125 0.02890187890625 0.309769078125 0.266792806640625 0.317856505859375 0.286882267578125 0.368312140625 0.32497987109375 0.37932509375 0.320957451171875 0.397647505859375 0.049736533203125 0.33448695703125 0.02890187890625
1 0.857330435546875 0.37424437109375 0.8611082578125 0.495209810546875 0.88827306640625 0.51287910546875 0.887785751953125 0.46593753515625 0.94824205859375 0.477236376953125 0.913395591796875 0.214788302734375 0.88813243359375 0.229885375 0.8938857109375 0.36936750390625 0.857330435546875 0.37424437109375
1 0.8122751875 0.018050560546875 0.82781317578125 0.14177983203125 0.87883511328125 0.1386474921875 0.8863756015625 0.164413013671875 0.9023156875 0.163345181640625 0.8887688828125 0.05638418359375 0.849623208984375 0.05693633203125 0.84542974609375 0.018787328125 0.8122751875 0.018050560546875
