0 0 0.5321116875 0.11046152734375 0.52342509375 0.163277021484375 0.34770021484375 0.165386193359375 0.332881494140625 0.07431736328125 0.33383169140625 0 0.532088806640625 0 0.5321116875
0 0 0.861451876953125 0.00105416796875 0.8614128359375 0.089899443359375 0.56905138671875 0 0.569553080078125 0 0.861451876953125
0 0.245072923828125 0.406006314453125 0.282467203125 0.24331787890625 0.204278529296875 0.250156533203125 0.15751876171875 0.4010877578125 0.245072923828125 0.406006314453125
0 0.081151669921875 0.666969265625 0.18825552734375 0.66042958203125 0.240721958984375 0.440100173828125 0.14727955859375 0.4419629921875 0.081151669921875 0.666969265625
0 0.11816141796875 1 0.17964104296875 0.725646333984375 0.062915865234375 0.730735921875 0 0.93203737890625 0 1 0.11816141796875 1
0 0.28687965234375 1 0.322901177734375 0.710991392578125 0.262708341796875 0.718567314453125 0.24403796875 0.835594841796875 0.1983483125 0.85539092578125 0.166342734375 1 0.28687965234375 1
0 0.22731633984375 0.55426659375 0.273970734375 0.55827626953125 0.27946124609375 0.570290958984375 0.275018623046875 0.663844107421875 0.32523225 0.660500599609375 0.35516196875 0.439670375 0.295152677734375 0.43536392578125 0.261375728515625 0.4486505703125 0.22731633984375 0.55426659375
0 0.3074120390625 0.388066671875 0.31290255078125 0.400081365234375 0.353846333984375 0.399504771484375 0.374239041015625 0.24684370703125 0.310707970703125 0.240065302734375 0.290282689453125 0.317818470703125 0.318574033203125 0.321420078125 0.3074120390625 0.388066671875
0 0.463234169921875 0.40044915625 0.464341296875 0.25033243359375 0.38756957421875 0.24384939453125 0.36882679296875 0.401324125 0.463234169921875 0.40044915625
0 0.4557513359375 0.65299480078125 0.460596798828125 0.433094638671875 0.36762075 0.44478340625 0.343639318359375 0.65942319140625 0.4557513359375 0.65299480078125
0 0.442128923828125 1 0.450872169921875 0.704915421875 0.336380806640625 0.71190026171875 0.305069947265625 1 0.442128923828125 1
0 0.472460001953125 0.39916771875 0.56115679296875 0.3937054453125 0.551148990234375 0.252261494140625 0.475104083984375 0.253544517578125 0.472460001953125 0.39916771875
0 0.57594655859375 0.6556658046875 0.56260447265625 0.4294146171875 0.474173134765625 0.430542798828125 0.4699413125 0.6533101328125 0.57594655859375 0.6556658046875
0 0.601812701171875 1 0.5822703203125 0.69594373828125 0.469493828125 0.706554109375 0.469409638671875 1 0.601812701171875 1
0 0.5735011015625 0.399926623046875 0.6629889609375 0.395968380859375 0.636639212890625 0.242269634765625 0.562517693359375 0.24358501953125 0.5735011015625 0.399926623046875
0 0.58706145703125 0.6469940703125 0.7017215703125 0.63913584765625 0.665491208984375 0.424268712890625 0.5793756015625 0.422500357421875 0.58706145703125 0.6469940703125
0 0.7632559140625 1 0.7126133515625 0.694379845703125 0.601625763671875 0.694957990234375 0.62642996484375 1 0.7632559140625 1
0 0.7133859921875 0.24546157421875 0.64759927734375 0.24547572265625 0.67463026171875 0.397713533203125 0.718868607421875 0.398696607421875 0.70639710546875 0.3121998671875 0.727352267578125 0.309692626953125 0.7133859921875 0.24546157421875
0 0.716746044921875 0.639469724609375 0.7670036875 0.634640740234375 0.75536668359375 0.548162544921875 0.7982001171875 0.540195666015625 0.789504314453125 0.495405654296875 0.74469500390625 0.48549012109375 0.727258109375 0.425641310546875 0.6818167578125 0.4289289375 0.716746044921875 0.639469724609375
0 0.9028094609375 1 0.854680162109375 0.80456789453125 0.817295029296875 0.797791291015625 0.791425837890625 0.68423959375 0.725230361328125 0.695628705078125 0.783693384765625 1 0.9028094609375 1
0 0.770048775390625 0.390915212890625 0.861161587890625 0.388480576171875 0.8120550859375 0.241707361328125 0.738631314453125 0.243346546875 0.770048775390625 0.390915212890625
0 0.842125482421875 0.63631011328125 0.945055681640625 0.629677681640625 0.8742951640625 0.424449435546875 0.78812325390625 0.422987083984375 0.842125482421875 0.63631011328125
0 0.971028806640625 1 0.979018875 0.730335177734375 0.963371640625 0.688060611328125 0.863066859375 0.688311462890625 0.948967578125 1 0.971028806640625 1
0 0.8667847578125 0.396037810546875 0.9549991640625 0.37867317578125 0.89969727734375 0.243654966796875 0.82733234765625 0.241165572265625 0.8667847578125 0.396037810546875
0 0.96425381640625 0.630104306640625 0.98204178125 0.62831209375 0.98754815234375 0.442472103515625 0.978762900390625 0.422310537109375 0.89116472265625 0.418877455078125 0.96425381640625 0.630104306640625
0 0.966640462890625 0.380418326171875 0.989449513671875 0.37830115234375 0.99319636328125 0.251844982421875 0.984308990234375 0.2351300390625 0.9114943203125 0.2347316171875 0.966640462890625 0.380418326171875
1 0 0.919859650390625 0.00434568359375 0.9194608515625 0.05755675390625 0.730365625 0.1764345390625 0.72111467578125 0.183817751953125 0.669250734375 0.07939405859375 0.669903119140625 0.113798857421875 0.551743982421875 0.14877403515625 0.442517291015625 0.18659933984375 0.434438083984375 0.1905101328125 0.41520003515625 0.154882640625 0.40548854296875 0.178961158203125 0.3257508828125 0.16652937109375 0.3225017109375 0.0805121640625 0.322076673828125 0.075766873046875 0.341296177734375 0.160948998046875 0.34170266015625 0.107166962890625 0.52186542578125 0.06191803125 0.52680675390625 0.05585347265625 0.56234898828125 0.090689927734375 0.570555408203125 0.00083409765625 0.86884022265625 0 0.8688216875 0 0.919859650390625
