1 0.219693828125 0.36911765625 0.223433611328125 0.37000194140625 0.23864751953125 0.3656928359375 0.237873701171875 0.387261994140625 0.234216658203125 0.397624162109375 0.237022548828125 0.440402828125 0.245618857421875 0.466820578125 0.2376006484375 0.4764347734375 0.24576251953125 0.486214943359375 0.258470171875 0.479577875 0.25772443359375 0.462926462890625 0.247912228515625 0.440332671875 0.248238732421875 0.4004639375 0.247317056640625 0.359984583984375 0.243229681640625 0.354263498046875 0.23731612109375 0.354000673828125 0.232619025390625 0.349913916015625 0.2198908515625 0.353780361328125 0.219693828125 0.36911765625
1 0.455545529296875 0.303011494140625 0.458196619140625 0.308423353515625 0.457800341796875 0.338872568359375 0.3907450546875 0.3591583125 0.390680033203125 0.392391962890625 0.396696208984375 0.406507904296875 0.375945716796875 0.41943421875 0.382874701171875 0.430821021484375 0.41143527734375 0.422118814453125 0.410071046875 0.405994056640625 0.3999885859375 0.388927677734375 0.401425484375 0.372927412109375 0.466003259765625 0.354193986328125 0.46655131640625 0.3021469609375 0.461534150390625 0.296938697265625 0.455545529296875 0.303011494140625
1 0.34619608984375 0.438176833984375 0.35919183984375 0.445881853515625 0.371272794921875 0.438663794921875 0.46967821875 0.49233803515625 0.470387013671875 0.504002525390625 0.48035921484375 0.50610716015625 0.491473435546875 0.49441499609375 0.4876891484375 0.48759909765625 0.480219658203125 0.487267119140625 0.381801349609375 0.431929876953125 0.369331109375 0.428605931640625 0.361271861328125 0.432679884765625 0.3544044453125 0.429604955078125 0.34619608984375 0.438176833984375
1 0.489673466796875 0.687470587890625 0.509506603515625 0.67101773046875 0.5016765625 0.6640230234375 0.50122570703125 0.6451691484375 0.493710498046875 0.638741572265625 0.3589425234375 0.54855225 0.331979484375 0.562863875 0.332717017578125 0.57840764453125 0.337414673828125 0.582493421875 0.33982241015625 0.571521583984375 0.350060197265625 0.5675454609375 0.364721279296875 0.572628201171875 0.48918990625 0.658482783203125 0.48056140625 0.66973127734375 0.480061947265625 0.686327349609375 0.489673466796875 0.687470587890625
1 0.50341669921875 0.4900339453125 0.515156794921875 0.482928462890625 0.647573837890625 0.549747318359375 0.643270134765625 0.556756890625 0.643069662109375 0.57170482421875 0.650567890625 0.575916078125 0.663242708984375 0.5648464140625 0.65841016015625 0.54247394140625 0.52004671484375 0.47095865625 0.499267494140625 0.480006701171875 0.50341669921875 0.4900339453125
1 0.62057577734375 0.588075634765625 0.625414294921875 0.579459583984375 0.8059506640625 0.673898625 0.806131265625 0.698279912109375 0.81673016796875 0.700966544921875 0.82874134765625 0.684328966796875 0.82863051953125 0.6693671953125 0.818940888671875 0.663397123046875 0.81616438671875 0.666597578125 0.629959517578125 0.56304332421875 0.62224440234375 0.571563708984375 0.615495453125 0.584558169921875 0.62057577734375 0.588075634765625
1 0.914164876953125 0.566257251953125 0.91755130859375 0.562594126953125 0.74709365234375 0.4834955078125 0.738730744140625 0.488663244140625 0.733530087890625 0.50061923828125 0.7385302734375 0.503611181640625 0.743145833984375 0.496614462890625 0.899528423828125 0.5644994609375 0.899949978515625 0.579474037109375 0.908054951171875 0.581496689453125 0.914164876953125 0.566257251953125
0 0.65903019140625 0.81336199609375 0.784153375 0.66795865625 0.642504287109375 0.584586916015625 0.495710572265625 0.698083587890625 0.65903019140625 0.81336199609375
0 0.80608881640625 0.64466691015625 0.883120669921875 0.558377638671875 0.76053205078125 0.5010167734375 0.669371576171875 0.57137831640625 0.80608881640625 0.64466691015625
0 0.452330044921875 0.666150353515625 0.6194918359375 0.55001281640625 0.51105745703125 0.494730248046875 0.34316300390625 0.580884326171875 0.452330044921875 0.666150353515625
0 0.62134185546875 0.548839919921875 0.73000696484375 0.474468197265625 0.63464910546875 0.43421074609375 0.518475537109375 0.49505994140625 0.62134185546875 0.548839919921875
0 0.485973208984375 0.47561226953125 0.598773892578125 0.42170338671875 0.5163265390625 0.386944673828125 0.401377046875 0.431044953125 0.485973208984375 0.47561226953125
0 0.316047265625 0.56047625 0.4674193046875 0.479559720703125 0.377162466796875 0.438370408203125 0.229312326171875 0.500211369140625 0.316047265625 0.56047625
