1 0.5718677662037037 0.361328125 0.09892216435185186 0.1357421875
1 0.7406684027777778 0.416015625 0.052734375 0.1318359375
1 0.1821765078125 0.621094517578125 0.17103272265625 0.628184310546875 0.180591671875 0.663055765625 0.189934744140625 0.660348771484375 0.195549123046875 0.635983931640625 0.3651676875 0.55747637109375 0.3704602265625 0.56830529296875 0.378680396484375 0.560184310546875 0.366972421875 0.5331124765625 0.1821765078125 0.621094517578125
1 0.110020595703125 0.538185255859375 0.11068901171875 0.529161625 0.263287771484375 0.4690028359375 0.26806575390625 0.478778828125 0.273000115234375 0.475018904296875 0.262708740234375 0.453963138671875 0.094202072265625 0.524375236328125 0.10195634375 0.54420132421875 0.110020595703125 0.538185255859375
1 0.64554175 0.5645047265625 0.6447621640625 0.546456521484375 0.62048047265625 0.53141682421875 0.4800672578125 0.61563988671875 0.471267275390625 0.644097353515625 0.48767423046875 0.661510396484375 0.497910630859375 0.654742912109375 0.49826703515625 0.6442155 0.490214275390625 0.632935728515625 0.626817916015625 0.548712666015625 0.634848443359375 0.566008505859375 0.64554175 0.5645047265625
1 0.49196155859375 0.470505671875 0.4860247578125 0.4592258984375 0.47244710546875 0.453962193359375 0.33985388671875 0.512617203125 0.332941494140625 0.5327759921875 0.343272802734375 0.546456521484375 0.352974408203125 0.54119281640625 0.352963138671875 0.52991304296875 0.3482743203125 0.524649337890625 0.477904775390625 0.465994328125 0.486125185546875 0.475017958984375 0.49196155859375 0.470505671875
1 0.62723280859375 0.437431001953125 0.636711634765625 0.435174857421875 0.640064302734375 0.42991115234375 0.63142101953125 0.4208875234375 0.623267607421875 0.4223913046875 0.613443337890625 0.417879017578125 0.600355494140625 0.42314366796875 0.51097960546875 0.469766541015625 0.4979764609375 0.475015123046875 0.50583373046875 0.487813798828125 0.518787353515625 0.490069943359375 0.519734283203125 0.477286388671875 0.61376655078125 0.430663515625 0.62723280859375 0.437431001953125
1 0.51624996875 0.374316634765625 0.50673771484375 0.37130812890625 0.488114310546875 0.37130812890625 0.397568865234375 0.405147447265625 0.38479837890625 0.415154064453125 0.393781298828125 0.427706994140625 0.40278151953125 0.426203212890625 0.403817609375 0.417931947265625 0.4962784609375 0.38108412109375 0.50647047265625 0.386347826171875 0.51727463671875 0.383340265625 0.51624996875 0.374316634765625
0 0.472201146484375 0.66697069921875 0.330910849609375 0.545899810546875 0.197316494140625 0.608390359375 0.3206825625 0.76397637109375 0.472201146484375 0.66697069921875
0 0.23317154296875 0.4654376171875 0.120994935546875 0.51130907421875 0.192075130859375 0.607340265625 0.32794808203125 0.545899810546875 0.23317154296875 0.4654376171875
0 0.626097154296875 0.564446125 0.478969732421875 0.476463138671875 0.374429837890625 0.527181474609375 0.518297634765625 0.635508505859375 0.626097154296875 0.564446125
0 0.36869103515625 0.41386011328125 0.27268804296875 0.449955576171875 0.37067383203125 0.52403119140625 0.473573455078125 0.476463138671875 0.36869103515625 0.41386011328125
0 0.738879220703125 0.491127599609375 0.590523595703125 0.424012287109375 0.510746353515625 0.4641691875 0.659123759765625 0.54357844921875 0.738879220703125 0.491127599609375
0 0.479835015625 0.375509451171875 0.3985348984375 0.405965029296875 0.506488408203125 0.46180623828125 0.587265603515625 0.42513988671875 0.479835015625 0.375509451171875
