1 0.18940972222222224 0.3969907407407407 0.046057581018518534 0.14290364583333326
1 0.429331455078125 0.65676523046875 0.45025253515625 0.639049560546875 0.4524001015625 0.638802068359375 0.444451294921875 0.608257947265625 0.30694864453125 0.519603423828125 0.276331056640625 0.53406325 0.27528852734375 0.550439951171875 0.282426923828125 0.5546579765625 0.296261703125 0.538898171875 0.4309848828125 0.626149978515625 0.42242502734375 0.63688915234375 0.419824130859375 0.650429796875 0.429331455078125 0.65676523046875
1 0.29323079296875 0.416579177734375 0.308081623046875 0.4202778984375 0.318157681640625 0.41522070703125 0.415462982421875 0.462895212890625 0.4157048046875 0.4735691875 0.438646921875 0.464146783203125 0.43119286328125 0.454238876953125 0.426370658203125 0.4556978984375 0.328370798828125 0.4009120234375 0.317158021484375 0.401706734375 0.307018712890625 0.41103330859375 0.3022492265625 0.40893368359375 0.29323079296875 0.416579177734375
1 0.42234376171875 0.260570220703125 0.413119009765625 0.265061525390625 0.407001892578125 0.272935998046875 0.4064430234375 0.31065965625 0.3421016171875 0.33319844921875 0.33885817578125 0.363113828125 0.344964599609375 0.38299583203125 0.324390849609375 0.3945356484375 0.32066374609375 0.403104068359375 0.3349932890625 0.407979484375 0.3587670390625 0.39641596484375 0.357799025390625 0.380765806640625 0.348839322265625 0.3644631953125 0.35028241015625 0.34808352734375 0.41421271484375 0.3262594296875 0.416561953125 0.2757117890625 0.42539526171875 0.273511404296875 0.42234376171875 0.260570220703125
1 0.426398802734375 0.363908560546875 0.437913609375 0.363766611328125 0.44838965234375 0.35870744921875 0.543441466796875 0.396434533203125 0.543283291015625 0.407111470703125 0.55086387890625 0.40847862109375 0.563867025390625 0.3948599296875 0.5511486015625 0.38925993359375 0.447768357421875 0.346612984375 0.436850138671875 0.354522025390625 0.428859005859375 0.35386956640625 0.426398802734375 0.363908560546875
1 0.466050548828125 0.438323345703125 0.444729578125 0.446268693359375 0.4469191953125 0.460527248046875 0.461470166015625 0.450456341796875 0.591435109375 0.507852044921875 0.58532855078125 0.515013794921875 0.58514928515625 0.527114193359375 0.5915082265625 0.5299136953125 0.602426447265625 0.52200465234375 0.603143345703125 0.500648802734375 0.466050548828125 0.438323345703125
1 0.848355783203125 0.528722771484375 0.857194908203125 0.506824703125 0.691280298828125 0.438078279296875 0.68203588671875 0.440993361328125 0.674560048828125 0.459552671875 0.680561724609375 0.45950821484375 0.685078828125 0.451646587890625 0.839406623046875 0.511708431640625 0.8395957265625 0.5259410546875 0.848355783203125 0.528722771484375
1 0.753763037109375 0.64898787109375 0.76840943359375 0.617808236328125 0.571230287109375 0.521524083984375 0.55724733203125 0.547248109375 0.562796271484375 0.5507662578125 0.569334478515625 0.54146536328125 0.743277140625 0.62771500390625 0.742634611328125 0.6440887421875 0.753763037109375 0.64898787109375
0 0.59548041015625 0.7647431875 0.74134438671875 0.5971362578125 0.60691966796875 0.532647134765625 0.447028041015625 0.659089142578125 0.59548041015625 0.7647431875
0 0.608957041015625 0.531919400390625 0.74694570703125 0.59610083984375 0.833829318359375 0.49253416015625 0.715435890625 0.446439166015625 0.608957041015625 0.531919400390625
0 0.40163424609375 0.625373462890625 0.5627078671875 0.513975720703125 0.4584718359375 0.461262658203125 0.295885783203125 0.55356435546875 0.40163424609375 0.625373462890625
0 0.46168349609375 0.46052721484375 0.566089275390625 0.511962822265625 0.674552763671875 0.430483349609375 0.580700962890625 0.39274638671875 0.46168349609375 0.46052721484375
0 0.260611939453125 0.53381094140625 0.425720439453125 0.447403427734375 0.343285689453125 0.40794091796875 0.185017109375 0.478859103515625 0.260611939453125 0.53381094140625
0 0.349697908203125 0.40718176953125 0.4285284609375 0.446388701171875 0.540436177734375 0.38584165625 0.468083388671875 0.35506294921875 0.349697908203125 0.40718176953125
