0 0.944560416015625 0.695913888671875 0.910244791015625 0.64817777734375 0.788646353515625 0.669393517578125 0.7841703125 0.726412037109375 0.813553125 0.770943517578125 0.946798958984375 0.755584259765625 0.944560416015625 0.695913888671875
0 0.708344791015625 0.643165740234375 0.7043484375 0.68132777734375 0.726728125 0.730389814453125 0.781932291015625 0.721107408203125 0.784916146484375 0.6707194453125 0.846088541015625 0.661437962890625 0.827438541015625 0.620331482421875 0.708344791015625 0.643165740234375
0 0.946798958984375 0.600441666015625 0.835428125 0.615387962890625 0.855040625 0.658785185546875 0.969924478515625 0.6428731484375 0.946798958984375 0.600441666015625
0 0.918450521484375 0.564638888671875 0.810428125 0.58020277734375 0.828184375 0.621657408203125 0.939338541015625 0.600441666015625 0.918450521484375 0.564638888671875
0 0.8080421875 0.58055092578125 0.685428125 0.5968694453125 0.7065859375 0.640221296875 0.831914583984375 0.621657408203125 0.8080421875 0.58055092578125
0 0.7856625 0.5487268515625 0.676053125 0.561684259765625 0.690173958984375 0.595137037109375 0.801328125 0.583203703125 0.7856625 0.5487268515625
0 0.764774478515625 0.512925 0.659386458984375 0.52835092578125 0.673016146484375 0.564638888671875 0.781186458984375 0.54740092578125 0.764774478515625 0.512925
0 0.7468703125 0.490383333984375 0.643761458984375 0.502425 0.65735 0.530162962890625 0.764028125 0.5155768515625 0.7468703125 0.490383333984375
0 0.726728125 0.459885185546875 0.633344791015625 0.47464722265625 0.640938021484375 0.502317591796875 0.741647916015625 0.4864055546875 0.726728125 0.459885185546875
0 0.7133 0.4399944453125 0.622928125 0.4505731484375 0.629747916015625 0.4771231484375 0.725982291015625 0.459885185546875 0.7133 0.4399944453125
0 0.886372396484375 0.531488888671875 0.786469791015625 0.5468694453125 0.8028203125 0.57789907421875 0.912482291015625 0.561987037109375 0.886372396484375 0.531488888671875
0 0.863246353515625 0.500990740234375 0.769803125 0.517239814453125 0.7841703125 0.54209722265625 0.886372396484375 0.531488888671875 0.863246353515625 0.500990740234375
0 0.839374478515625 0.474471296875 0.746886458984375 0.485758333984375 0.756568228515625 0.51159907421875 0.861754166015625 0.499664814453125 0.839374478515625 0.474471296875
0 0.815502603515625 0.451928703125 0.731261458984375 0.459832408203125 0.741647916015625 0.4864055546875 0.837136458984375 0.4771231484375 0.815502603515625 0.451928703125
0 0.802074478515625 0.426735185546875 0.715636458984375 0.437610185546875 0.726728125 0.458559259765625 0.817740625 0.451928703125 0.802074478515625 0.426735185546875
