0 0.56708108203125 0.73524038671875 0.776744865234375 0.578604328125 0.64527837890625 0.49926897265625 0.43236540625 0.61929276953125 0.56708108203125 0.73524038671875
1 0.3282486484375 0.469097267578125 0.330743783203125 0.443872484375 0.31706540625 0.439159978515625 0.311903783203125 0.4624158515625 0.306311892578125 0.47804722265625 0.30416162109375 0.495769837890625 0.311903783203125 0.4930168125 0.425457296875 0.58803290625 0.426317296875 0.604811751953125 0.44481297265625 0.598360904296875 0.44395297265625 0.567046484375 0.324807568359375 0.476186759765625 0.3282486484375 0.469097267578125
1 0.50792108203125 0.41200578125 0.51277297265625 0.407673068359375 0.63664973046875 0.477597609375 0.63664973046875 0.492897609375 0.665468107421875 0.47894946875 0.67106 0.46484790625 0.665037837890625 0.452964388671875 0.65299459375 0.464388638671875 0.5170740546875 0.394412419921875 0.50632108203125 0.399640017578125 0.50792108203125 0.41200578125
1 0.33975297265625 0.366415529296875 0.347156216796875 0.373142203125 0.365651892578125 0.365925970703125 0.451677296875 0.415143552734375 0.4555486484375 0.42868337109375 0.466731892578125 0.42802066015625 0.467162162109375 0.411930740234375 0.36823297265625 0.35123744140625 0.35489891796875 0.35891318359375 0.347586486328125 0.3562868984375 0.33975297265625 0.366415529296875
1 0.497710810546875 0.315387755859375 0.50931459375 0.319927048828125 0.521357837890625 0.315388375 0.604802703125 0.354813685546875 0.60523297265625 0.364733380859375 0.62587891796875 0.357389724609375 0.622437837890625 0.343059025390625 0.521788107421875 0.303887876953125 0.511464865234375 0.309090009765625 0.503722703125 0.306489189453125 0.497710810546875 0.315387755859375
1 0.4886686484375 0.22552551171875 0.501915134765625 0.22005399609375 0.503722703125 0.203978611328125 0.481786486328125 0.206042958984375 0.47619459375 0.256100291015625 0.399202162109375 0.278257037109375 0.396190810546875 0.312096064453125 0.40307297265625 0.333108423828125 0.3798459453125 0.342134841796875 0.37382432421875 0.35243687109375 0.380706486328125 0.361208845703125 0.415976755859375 0.352234140625 0.418987568359375 0.33446053125 0.4073740546875 0.30684296875 0.409524865234375 0.2967703203125 0.486087568359375 0.276168849609375 0.4886686484375 0.22552551171875
0 0.650263783203125 0.49972450390625 0.78620540625 0.576744666015625 0.918437296875 0.467163509765625 0.79112 0.415038044921875 0.650263783203125 0.49972450390625
0 0.392180541015625 0.58474044140625 0.601615134765625 0.479102578125 0.501002703125 0.41917152734375 0.302283783203125 0.50591765625 0.392180541015625 0.58474044140625
0 0.50792108203125 0.415210587890625 0.6085340546875 0.475529107421875 0.751766486328125 0.398191259765625 0.65541837890625 0.353410392578125 0.50792108203125 0.415210587890625
0 0.273035134765625 0.48470091015625 0.469482703125 0.406804763671875 0.39562162109375 0.358861525390625 0.21238702734375 0.424799677734375 0.273035134765625 0.48470091015625
0 0.401643244140625 0.359269109375 0.474888107421875 0.40221040625 0.62788973046875 0.348157103515625 0.5405740546875 0.3074313671875 0.401643244140625 0.359269109375
1 0.207020541015625 0.2909475 0.21997026953125 0.294670494140625 0.22298108203125 0.30902669140625 0.218679458984375 0.32305179296875 0.21910973046875 0.36739648828125 0.231583244140625 0.401082318359375 0.228142162109375 0.410466041015625 0.23975567578125 0.408248025390625 0.244057296875 0.388868115234375 0.23545459375 0.36948751953125 0.23416432421875 0.332079365234375 0.237175134765625 0.320425947265625 0.23631459375 0.272281748046875 0.21050702734375 0.274575509765625 0.207020541015625 0.2909475
