1 0.822459298828125 0.330652048828125 0.826295412109375 0.329634130859375 0.826209697265625 0.313959146484375 0.8132056875 0.31039343359375 0.8083650859375 0.314714720703125 0.802307794921875 0.31516341015625 0.79807916796875 0.321137087890625 0.796829166015625 0.362551568359375 0.7968618828125 0.40330375390625 0.78664355859375 0.4267024609375 0.785753974609375 0.443749701171875 0.798716009765625 0.450148748046875 0.807147505859375 0.439901021484375 0.799009837890625 0.4303154140625 0.80801205078125 0.40304406640625 0.81120882421875 0.359221408203125 0.807542515625 0.34873833984375 0.806913322265625 0.326709404296875 0.822459298828125 0.330652048828125
1 0.574027560546875 0.268675626953125 0.574195009765625 0.321872255859375 0.640178947265625 0.339060099609375 0.641529244140625 0.355375169921875 0.63107600390625 0.373130830078125 0.6295570859375 0.3896584375 0.65873640625 0.3976864296875 0.6659176171875 0.38583358984375 0.644767541015625 0.373249142578125 0.651034708984375 0.358633787109375 0.651219546875 0.32465740625 0.58271045703125 0.305957861328125 0.582535033203125 0.274838390625 0.585290609375 0.269224580078125 0.57920438671875 0.263197958984375 0.574027560546875 0.268675626953125
1 0.65982709765625 0.39878746484375 0.558631134765625 0.45835999609375 0.55098009375 0.458926740234375 0.54705353515625 0.466010544921875 0.558345705078125 0.47762645703125 0.5685728515625 0.47517116796875 0.5693868828125 0.46322372265625 0.6705570703125 0.4053518515625 0.6828729921875 0.412363984375 0.696238533203125 0.40409079296875 0.68789827734375 0.39557664453125 0.680842990234375 0.398929484375 0.67262138671875 0.395009515625 0.65982709765625 0.39878746484375
1 0.5569008203125 0.644923267578125 0.548150599609375 0.633685314453125 0.676252158203125 0.54211878515625 0.691303109375 0.536475953125 0.701756208984375 0.540229595703125 0.704138654296875 0.551374013671875 0.7089798203125 0.547053712890625 0.70985262109375 0.531139189453125 0.682351564453125 0.5173274609375 0.54367099609375 0.61363931640625 0.535927025390625 0.620439642578125 0.535322732421875 0.63972972265625 0.52725209375 0.64711946875 0.5474361484375 0.66333740625 0.55728669921875 0.66187602734375 0.5569008203125 0.644923267578125
1 0.391146744140625 0.534369212890625 0.386792912109375 0.527333548828125 0.522889400390625 0.454987396484375 0.534857140625 0.4618948046875 0.539181658203125 0.45151658984375 0.517972826171875 0.44289819140625 0.375751875 0.52022698046875 0.3706342421875 0.543247857421875 0.383529125 0.554179826171875 0.3912389375 0.54964600390625 0.391146744140625 0.534369212890625
1 0.210458529296875 0.648745455078125 0.2004914765625 0.655144205078125 0.2002648046875 0.670444615234375 0.21243801953125 0.687089462890625 0.223311294921875 0.684020060546875 0.22368067578125 0.65908693359375 0.409258828125 0.557037208984375 0.414148138671875 0.56569907421875 0.41937684375 0.561948173828125 0.41256443359375 0.54886792578125 0.404728849609375 0.540391419921875 0.213277369140625 0.65193312890625 0.210458529296875 0.648745455078125
1 0.2939131484375 0.46765496484375 0.2853888828125 0.46262594140625 0.110247076171875 0.548684755859375 0.113686966796875 0.55232690234375 0.11982805078125 0.567721880859375 0.128142599609375 0.565407234375 0.128687541015625 0.55008427734375 0.289332080078125 0.475918724609375 0.294005341796875 0.482931755859375 0.29914801171875 0.47972059375 0.2939131484375 0.46765496484375
0 0.541174048828125 0.67437195703125 0.39172041015625 0.562799552734375 0.246045365234375 0.65235048046875 0.37306766796875 0.797204046875 0.541174048828125 0.67437195703125
0 0.3643090546875 0.550112654296875 0.27149582421875 0.48094881640625 0.145534892578125 0.54332591796875 0.223760353515625 0.629204390625 0.3643090546875 0.550112654296875
0 0.698264712890625 0.549903806640625 0.526997712890625 0.466928884765625 0.415546013671875 0.52675034375 0.58583595703125 0.64040290625 0.698264712890625 0.549903806640625
0 0.519399333984375 0.4674917265625 0.400901494140625 0.40881464453125 0.30295341796875 0.452876328125 0.413660521484375 0.525607466796875 0.519399333984375 0.4674917265625
0 0.63978887890625 0.39847848046875 0.522417751953125 0.356888375 0.437731234375 0.394935185546875 0.55282784375 0.446619083984375 0.63978887890625 0.39847848046875
0 0.815454619140625 0.463958162109375 0.664528447265625 0.405231138671875 0.571796609375 0.4500903203125 0.726184787109375 0.528213177734375 0.815454619140625 0.463958162109375
