0 0.984045421875 0.4586969375 0.89048365625 0.30263271875 0.82557276171875 0.304004078125 0.902789892578125 0.457675279296875 0.984045421875 0.4586969375
0 0.995385111328125 0.645232083984375 0.996509109375 0.4934924921875 0.923041994140625 0.5017425234375 0.995385111328125 0.645232083984375
0 0.995162794921875 0.67524497265625 0.970653734375 0.625420939453125 0.878559560546875 0.6301967421875 0.99336779296875 0.91757007421875 0.995162794921875 0.67524497265625
0 0.944647169921875 0.576792869140625 0.85413892578125 0.39096644921875 0.777352796875 0.40282912109375 0.8614836171875 0.584794150390625 0.944647169921875 0.576792869140625
0 0.837067791015625 0.35491127734375 0.771325255859375 0.231929349609375 0.706580677734375 0.233824134765625 0.765784828125 0.361768677734375 0.837067791015625 0.35491127734375
0 0.735672423828125 0.366728142578125 0.6829129140625 0.23192958984375 0.629821009765625 0.232118365234375 0.670751109375 0.369506181640625 0.735672423828125 0.366728142578125
0 0.656538169921875 0.364969603515625 0.614404626953125 0.23040718359375 0.545085009765625 0.2386768125 0.577352369140625 0.3702444765625 0.656538169921875 0.364969603515625
0 0.567127595703125 0.361575791015625 0.534802955078125 0.234533138671875 0.467565439453125 0.232733419921875 0.48949285546875 0.371105865234375 0.567127595703125 0.361575791015625
0 0.476831529296875 0.370824501953125 0.45633536328125 0.234754375 0.387619185546875 0.23377066015625 0.394500822265625 0.3732156640625 0.476831529296875 0.370824501953125
0 0.381891595703125 0.365900904296875 0.37562872265625 0.2388557734375 0.3179399375 0.237849876953125 0.31383634765625 0.364388564453125 0.381891595703125 0.365900904296875
0 0.2876600078125 0.372249318359375 0.292755794921875 0.23701415234375 0.223749478515625 0.238571560546875 0.20375684765625 0.373198626953125 0.2876600078125 0.372249318359375
0 0.191074681640625 0.375730623046875 0.209853759765625 0.2391018046875 0.1367129375 0.23523050390625 0.102424009765625 0.3765744296875 0.191074681640625 0.375730623046875
0 0.091355974609375 0.3749215625 0.1247999921875 0.233281802734375 0.051237875 0.234737970703125 0.001112009765625 0.377136875 0.091355974609375 0.3749215625
0 0 0.61689853515625 0.029411244140625 0.616955408203125 0.08036720703125 0.413070720703125 0 0.40832508984375 0 0.61689853515625
0 0 0.998221939453125 0.0946738125 0.99547953515625 0.146987185546875 0.664591333984375 0.03541051953125 0.6635865546875 0 0.815718220703125 0 0.998221939453125
0 0.1536724140625 0.6169029453125 0.1842928203125 0.40752033984375 0.09744669140625 0.407417837890625 0.045248734375 0.61590044140625 0.1536724140625 0.6169029453125
0 0.275622078125 0.6083566640625 0.284859859375 0.407790203125 0.197957111328125 0.408244490234375 0.17033233203125 0.611644537109375 0.275622078125 0.6083566640625
0 0.253025126953125 0.987743162109375 0.2719764765625 0.65508885546875 0.165229970703125 0.659369083984375 0.11845582421875 0.99038037890625 0.253025126953125 0.987743162109375
0 0.3927814453125 0.605331578125 0.3832460625 0.404081681640625 0.296895630859375 0.407629302734375 0.2946658984375 0.601744322265625 0.3927814453125 0.605331578125
0 0.50679700390625 0.5994237890625 0.47828823828125 0.40422876953125 0.395823177734375 0.40842078125 0.403121390625 0.598526798828125 0.50679700390625 0.5994237890625
0 0.61843853515625 0.59346226171875 0.571193234375 0.39450356640625 0.49163763671875 0.402107541015625 0.523415236328125 0.59979308203125 0.61843853515625 0.59346226171875
0 0.730037828125 0.593128423828125 0.667340384765625 0.3946752109375 0.587420830078125 0.400015322265625 0.63584792578125 0.59384913671875 0.730037828125 0.593128423828125
0 0.679465974609375 0.398874587890625 0.7434804453125 0.59483405859375 0.83613957421875 0.587044771484375 0.760817931640625 0.39120540625 0.679465974609375 0.398874587890625
0 0.760636216796875 0.63057868359375 0.86275148828125 0.947827060546875 0.971290353515625 0.933354134765625 0.85249729296875 0.622583025390625 0.760636216796875 0.63057868359375
0 0.84537336328125 0.9432191640625 0.744047078125 0.63217499609375 0.644239728515625 0.636245908203125 0.719456927734375 0.953084203125 0.84537336328125 0.9432191640625
0 0.577775943359375 0.954156470703125 0.703030037109375 0.9476220546875 0.630005951171875 0.63452269140625 0.527881951171875 0.6378809140625 0.577775943359375 0.954156470703125
0 0.559502443359375 0.96359975390625 0.514067296875 0.64671393359375 0.406702607421875 0.64925813671875 0.423371107421875 0.9633884375 0.559502443359375 0.96359975390625
0 0.407513328125 0.96725677734375 0.390310390625 0.643963779296875 0.2958840546875 0.651016234375 0.29265450390625 0.980181365234375 0.407513328125 0.96725677734375
