0 0 0.531488888671875 0.000122396484375 0.8497305546875 0.444739583984375 0.857686111328125 0.465636458984375 0.4968694453125 0.0113125 0.489057408203125 0 0.531488888671875
0 0.646886458984375 0.498721296875 0.64690625 0.861663888671875 0.999479166015625 0.87890277734375 0.999479166015625 0.503642591796875 0.646886458984375 0.498721296875
0 0.361469791015625 0.17464722265625 0.329855208984375 0.4545805546875 0.786408333984375 0.458559259765625 0.7670125 0.173467591796875 0.361469791015625 0.17464722265625
0 0.286586978515625 0.174793517578125 0.003136458984375 0.17464722265625 0 0.44795092578125 0.245557291015625 0.45060277734375 0.286586978515625 0.174793517578125
0 0.00086875 0 0 0.138991666015625 0.291678125 0.137610185546875 0.311205208984375 0 0.00086875 0
0 0.381329166015625 0 0.366678125 0.137610185546875 0.764774478515625 0.137665740234375 0.757314583984375 0 0.381329166015625 0
0 0.999479166015625 0.18275 0.848969791015625 0.18020277734375 0.872944271484375 0.4545805546875 0.999479166015625 0.461211111328125 0.999479166015625 0.18275
0 0.843761458984375 0.139462037109375 0.999479166015625 0.1429694453125 0.998272916015625 0.001087037109375 0.830422396484375 0.001087037109375 0.843761458984375 0.139462037109375
1 0.287333333984375 0.2822 0.3328390625 0.3166768515625 0.343283333984375 0.3126981484375 0.37163125 0.059431482421875 0.313553125 0.041313888671875 0.280619271484375 0.263636111328125 0.287333333984375 0.2822
1 0.821886458984375 0.217239814453125 0.8214703125 0.34717407421875 0.787154166015625 0.352478703125 0.7856625 0.465188888671875 0.810280208984375 0.48110092578125 0.811772396484375 0.437342591796875 0.867722396484375 0.446625 0.846088541015625 0.202639814453125 0.821886458984375 0.217239814453125
1 0.758344791015625 0.002425 0.76925 0.136339814453125 0.816994271484375 0.132362037109375 0.8229625 0.15622962890625 0.837882291015625 0.154903703125 0.8296765625 0.055453703125 0.793122396484375 0.05677962890625 0.7893921875 0 0.758344791015625 0.002425
