1 0.029750400390625 0.238512513671875 0.0326178515625 0.255972294921875 0.16371966796875 0.41065979296875 0.28429208984375 0.38351829296875 0.4019935859375 0.483955935546875 0.310129076171875 0.53874849609375 0.4661074296875 0.719729439453125 0.673760021484375 0.658144177734375 0.787633884765625 0.7891548671875 0.966578568359375 0.85646749609375 0.990501603515625 0.79556335546875 0.742658470703125 0.6098179375 0.7512707109375 0.558897044921875 0.795289150390625 0.535726453125 0.601990646484375 0.4137491796875 0.519695349609375 0.43635270703125 0.3685013359375 0.34562848046875 0.436442810546875 0.334723900390625 0.219221271484375 0.212392208984375 0.029750400390625 0.238512513671875
0 0.767538482421875 0.729300123046875 0.642181453125 0.620240984375 0.353301978515625 0.826312525390625 0.46419374609375 0.980049474609375 0.767538482421875 0.729300123046875
0 0.3866827890625 0.621560384765625 0.003913416015625 0.818383072265625 0.048888830078125 0.97389680859375 0.465541421875 0.713906890625 0.3866827890625 0.621560384765625
0 0 0.80376933203125 0.37200855078125 0.617464185546875 0.3120427578125 0.54558340625 0 0.670432705078125 0 0.80376933203125
0 1 0.553736380859375 0.9876309453125 0.547084041015625 0.834328166015625 0.68372401171875 0.991458310546875 0.79727905078125 1 0.783229275390625 1 0.553736380859375
0 0.861316943359375 0.48905920703125 0.72256280078125 0.57718942578125 0.828983431640625 0.671762701171875 0.979018439453125 0.546956447265625 0.861316943359375 0.48905920703125
0 0.744572154296875 0.54518469140625 0.656535275390625 0.486025404296875 0.450796900390625 0.5952844609375 0.53213522265625 0.66795762890625 0.744572154296875 0.54518469140625
0 0.580938267578125 0.430453451171875 0.37232896875 0.524355337890625 0.442826296875 0.589996224609375 0.648880009765625 0.484210470703125 0.580938267578125 0.430453451171875
0 0.83930758984375 0.401950345703125 0.6842862109375 0.4660168515625 0.7617966328125 0.5369317890625 0.92251630078125 0.442635064453125 0.83930758984375 0.401950345703125
0 0.757969267578125 0.370116056640625 0.61443078515625 0.425845072265625 0.677587654296875 0.462514572265625 0.82230251171875 0.39837475 0.757969267578125 0.370116056640625
