0 0.6434181140625 0.911079059375 0.6326451390625001 0.9096823875 0.621782959375 0.9177874921875 0.5053619578124999 0.8995228796875001 0.384959659375 0.895012121875 0.3468565890625 0.9598367140624999 0.3474922828125 0.9741891390624999 0.44319407968749996 0.986596478125 0.7271850234375 0.9783331859375 0.7292451046874999 0.9602595328125 0.7191932703125 0.9367585593750001 0.6434181140625 0.911079059375
0 0 0.9291382125000001 0.16589069375 0.95064525 0.15937038125 0.9339443515625 0.151946765625 0.931396353125 0.154749634375 0.9063908265625 0.1710429015625 0.8942331703124999 0.201912034375 0.888721884375 0.2145845765625 0.8792659296875 0.213948884375 0.8649135031249999 0.218837240625 0.8639617015625 0.22182227187499998 0.846907575 0.23503754843750002 0.83435086875 0.27097720000000003 0.8358391812500001 0.27568339375 0.8269359796875 0.28754183437499997 0.82213115 0.29070903124999997 0.813028425 0.30229610625 0.8097739703125001 0.2914301703125 0.7909241234375 0.23738312968750003 0.7759893640625 0.08013411875000001 0.7571882421875 0.031521925 0.7651558859375001 0.018760178125 0.784113615625 0.0186747328125 0.82057034375 0.024559353125 0.822918815625 0.0175000640625 0.8362736203125 0.0215743203125 0.83997294375 0.017139493750000002 0.8473257703125 0.019496348437499998 0.8698291203125 0 0.9281368078125001 0 0.9291382125000001
0 0.346447175 0.62047449375 0.286065740625 0.6237451890625 0.2626202234375 0.6318044734375 0.26199204531250003 0.67136195 0.2701405578125 0.6787605984375 0.29757112812500003 0.6839024140625 0.30355997968750004 0.7845689171875 0.302203146875 0.79232079375 0.2936940640625 0.795974296875 0.30057494687499997 0.8016230453125001 0.289987890625 0.835132725 0.3774393265625 0.8480559968750001 0.382238478125 0.8566059703125 0.37835014375 0.8878129984375001 0.38523102656249997 0.8934617453125 0.4865334296875 0.9081807375000001 0.518941559375 0.9028689765625 0.6240468515625001 0.9228376656249999 0.6488328640625001 0.91970884375 0.7230853625 0.9325064828125 0.7315944453125 0.9288529796875 0.745976875 0.84668309375 0.763534015625 0.8093203859375 0.75547470625 0.7924199640625 0.767504040625 0.7147016796875 0.762794090625 0.6966499296875 0.346447175 0.62047449375
0 0.909585278125 0.9730258812500001 0.9319203281249999 0.84542098125 0.8967947765625001 0.83928154375 0.886111003125 0.8283830953125 0.8332423875 0.8247000140624999 0.8198524640624999 0.883215221875 0.8084893281250001 0.975967471875 0.909585278125 0.9730258812500001
0 0.9652984203124999 0.6547248328124999 0.9419421078125 0.653282340625 0.936150446875 0.66838704375 0.9036531140624999 0.68320058125 0.8517807640624999 0.6828177734375 0.838394596875 0.7682879328125 0.91688341875 0.7784636828125 0.9435890921875 0.7787548484375 0.9652984203124999 0.6547248328124999
0 0.85732875 0.543215275 0.8487769453125 0.56509714375 0.8288629515625001 0.5799565015625 0.9691829999999999 0.5965628546875 0.975610353125 0.5958105765624999 0.9905855953125 0.510253825 0.9957668875 0.2134178359375 0.94957321875 0.19604578749999998 0.9203322843749999 0.192254821875 0.9151725609374999 0.1947569984375 0.85732875 0.543215275
0 0.64381904375 0.5401107609375 0.6698927796875 0.553004453125 0.8184505453125 0.5675076781249999 0.8459703187500001 0.56314771875 0.8519441421874999 0.5559944156250001 0.9123659343750001 0.192807575 0.9032211578125 0.1821086515625 0.8530662093749999 0.1629218171875 0.7623546203125 0.141648096875 0.7002154218750001 0.523638965625 0.659480375 0.54055563125 0.64381904375 0.5401107609375
0 0.45108015156250003 0.49926740000000003 0.508658715625 0.52100223125 0.67595580625 0.536349375 0.694784334375 0.52769151875 0.703289659375 0.49708306406249997 0.759819359375 0.13814829687500002 0.7494069546875 0.125699475 0.6321680953125 0.0851310390625 0.5312262609375 0.059359896875 0.48060052343750004 0.4295247609375 0.4632991625 0.48341042031250003 0.45108015156250003 0.49926740000000003
0 0.074161996875 0 0.0041317140625 0.40009792343750006 0.0434207265625 0.40043490937500004 0.0672305703125 0.4082784265625 0.084795225 0.424825621875 0.219684184375 0.4454845265625 0.258973196875 0.44582151249999996 0.27635193125 0.42746235625000006 0.3342695203125 0 0.074161996875 0
0 0.34314324375 0 0.32012364375 0.11444027187500001 0.3015890265625 0.2832774640625 0.24973921875 0.444624365625 0.26467565312499997 0.44021858593749996 0.291385084375 0.467464703125 0.4339690265625 0.48912123125000007 0.466105790625 0.48535984374999996 0.47108334999999996 0.47490626718750006 0.5324938921875 0.061109796875 0.5205424890625 0.04846145 0.3849453921875 0 0.34314324375 0
