0 0.7769084671875001 1 0.777214053125 0.9885987593750001 0.7637648296874999 0.962339165625 0.67706000625 0.932806403125 0.6649516296875 0.9311140328124999 0.6536650093749999 0.9399850093750001 0.5225053015625 0.9181701703125 0.388253809375 0.9115959359374999 0.35218900625 0.9831774796875001 0.3540534703125 0.9973693953125 0.3728746140625 1 0.7769084671875001 1
0 0.2729207734375 0.829302221875 0.275558553125 0.8192224093749999 0.2881209359375 0.815753990625 0.274217709375 0.7946551890625 0.21270273125 0.7773502515625 0.036115045312499996 0.75441025625 0.0132300078125 0.757946615625 0.0165858375 0.9502020218749999 0.1492873609375 0.9687495265624999 0.1413086296875 0.9519616125000001 0.13281112343749998 0.9490325140625 0.1335027171875 0.9212665328125 0.1504326453125 0.9079600687499999 0.18420625156249998 0.9022320640625001 0.197373975 0.8918825937499999 0.1952764546875 0.8759166890625 0.20061709218749998 0.8749217265624999 0.202281778125 0.8559988296875 0.215752171875 0.8422088296875 0.2558395109375 0.8443289515625001 0.26020705624999996 0.8344909046875 0.2729207734375 0.829302221875
0 0.31884352968749996 0.605853971875 0.25205299375 0.608708659375 0.2267768953125 0.6173657609375 0.229912590625 0.6613394140625 0.23968585937500003 0.6696710703125001 0.27067035 0.6757431453125 0.287082759375 0.7877462421875 0.286326084375 0.796347559375 0.2772232390625 0.8002995125 0.2854180734375 0.8066691390624999 0.276899396875 0.84378963125 0.3753448453125 0.8592906265625 0.38150724375 0.8688590125 0.380210309375 0.9035060484375 0.38840514531250003 0.9098756734375 0.5024185078125 0.927552575 0.5379218796874999 0.922066340625 0.6566705421875 0.9456293328125 0.6839143109375 0.9424714953125 0.767678371875 0.9576619109375001 0.7767812171874999 0.95370995625 0.7848019765625 0.8625360000000001 0.8006937328125 0.8212217875000001 0.79009870625 0.802326784375 0.79593569375 0.7160718484374999 0.7889515406250001 0.695940115625 0.31884352968749996 0.605853971875
0 0.9705761578125 1 0.9827200375 0.8619575140625001 0.9517026468750001 0.8562594109375 0.9387725124999999 0.8440036921875 0.8796577250000001 0.839224134375 0.87044745625 0.9041106046875 0.8670585109375001 1 0.9705761578125 1
0 1 0.6512211453125001 0.9838523406249999 0.650041684375 0.9788794546874999 0.666760784375 0.9441978390625 0.6828103671875 0.8865101484375 0.6817131015625 0.8799164859375 0.7765693515625001 0.9681346609375 0.78889948125 0.9891055281250001 0.7893720796875 1 0.66553194375 1 0.6512211453125001
0 1 0.16128615156249998 0.9480188500000001 0.1417642890625 0.91515325625 0.1371707109375 0.90966128125 0.1398859359375 0.8791460875 0.5265685890625 0.8717624234375 0.5507871062499999 0.8510702875 0.5670505625 1 0.5862202296875 1 0.16128615156249998
0 0.6415519265625 0.520352325 0.6717797421875 0.5350257171874999 0.8382914890625001 0.55307458125 0.8684542234375 0.5485833078125 0.8744002015625 0.5407072921875 0.9063530796875 0.1376821375 0.8951527125000001 0.1256681890625 0.8375512796875 0.1036859953125 0.7346732 0.07885837968750001 0.7026340703125 0.5027684609375 0.65900094375 0.521049734375 0.6415519265625 0.520352325
0 0.43542801875 0.45497295937500004 0.4233847234375 0.4724452515625 0.48948366718749997 0.49735654531250006 0.676903965625 0.516586353125 0.6969907609375 0.50720395 0.7034769984375 0.473282215625 0.731516334375 0.07493431874999999 0.7187375359375 0.0609583375 0.6432329796875 0.034732434374999996 0.5262038859375 0.0183754453125 0.46823672812500006 0.0163511875 0.4494341234375 0.39528447187500004 0.43542801875 0.45497295937500004
0 0.1610002265625 0.40965091249999996 0.20469843437500002 0.4105343046875 0.22223370468749998 0.3903467859375 0.24069823750000002 0.0084053671875 0.049797978124999996 0.001738984375 0.015988615625 0.3860583265625 0.1610002265625 0.40965091249999996
0 0.21049307968750003 0.4043785515625 0.242818415625 0.435017846875 0.40338418281250005 0.4609427265625 0.4387362203125 0.45717675625 0.443255103125 0.4456184484375 0.469559575 0.016397381250000002 0.2444646734375 0.00853689375 0.2405436828125 0.042881484375 0.23630786874999998 0.230362296875 0.194319825 0.40908370156249996 0.21049307968750003 0.4043785515625
