1 0.4384765625 0.6886178861788618 0.173828125 0.27764227642276423
1 0.3447265625 0.14471544715447154 0.091064453125 0.11422764227642276
1 0.505859375 0.16016260162601625 0.06640625 0.16646341463414635
1 0.29296875 0.23414634146341465 0.2041015625 0.19329268292682927
0 0.5146484375 0.2707317073170732 0.237548828125 0.23008130081300812
1 0.4501953125 0.2934959349593496 0.100341796875 0.1378048780487805
1 0.6845703125 0.35121951219512193 0.13916015625 0.1654471544715447
0 0.32763671875 0.35121951219512193 0.2376708984375 0.23089430894308943
1 0.25 0.3829268292682927 0.1142578125 0.19735772357723577
0 0.6044921875 0.4 0.299560546875 0.23434959349593495
1 0.49267578125 0.4373983739837398 0.13720703125 0.20243902439024392
0 0.3896484375 0.4845528455284553 0.2626953125 0.23577235772357724
0 0.7763671875 0.5016260162601626 0.316650390625 0.32113821138211385
1 0.88525390625 0.5756097560975609 0.107421875 0.12845528455284552
0 0.5498046875 0.6398373983739838 0.3929443359375 0.349390243902439
