1 0.4384765625 0.6886178861788618 0.1614990234375 0.2550813008130081
1 0.3447265625 0.14471544715447154 0.083740234375 0.09065040650406504
1 0.505859375 0.16016260162601625 0.0634765625 0.16402439024390245
1 0.29296875 0.23414634146341465 0.205322265625 0.17113821138211383
0 0.5146484375 0.2707317073170732 0.230712890625 0.14634146341463414
1 0.4501953125 0.2934959349593496 0.106201171875 0.14959349593495935
1 0.6845703125 0.35121951219512193 0.13818359375 0.16219512195121952
0 0.32763671875 0.35121951219512193 0.2532958984375 0.30284552845528456
1 0.25 0.3829268292682927 0.098388671875 0.17357723577235773
0 0.6044921875 0.4 0.299560546875 0.23414634146341465
1 0.49267578125 0.4373983739837398 0.125732421875 0.17886178861788618
0 0.3896484375 0.4845528455284553 0.261474609375 0.1821138211382114
0 0.7763671875 0.5016260162601626 0.3175048828125 0.31138211382113823
1 0.88525390625 0.5756097560975609 0.106689453125 0.12601626016260162
0 0.5498046875 0.6398373983739838 0.3934326171875 0.275
