1 0.357421875 0.09098939929328621 0.158935546875 0.1598939929328622
1 0.59228515625 0.1157243816254417 0.0667724609375 0.18926678445229683
0 0.58349609375 0.1872791519434629 0.223388671875 0.20119257950530034
1 0.2587890625 0.19522968197879859 0.0838623046875 0.1609982332155477
0 0.345703125 0.1978798586572438 0.251708984375 0.12411660777385158
1 0.4931640625 0.2067137809187279 0.0628662109375 0.16497349823321555
1 0.71728515625 0.30212014134275617 0.1451416015625 0.26347173144876324
0 0.3486328125 0.31007067137809186 0.33642578125 0.19522968197879859
0 0.640625 0.31802120141342755 0.299560546875 0.22106890459363956
1 0.4677734375 0.33480565371024734 0.085205078125 0.196113074204947
0 0.73779296875 0.49734982332155475 0.39404296875 0.3334805653710247
1 0.6005859375 0.5035335689045937 0.111083984375 0.28224381625441697
1 0.21142578125 0.5388692579505301 0.1015625 0.3540194346289753
0 0.36572265625 0.5432862190812721 0.4754638671875 0.4045936395759717
