1 0.5943027888446215 0.8059843750000001 0.20250498007968115 0.15051562500000015
1 0.5132221115537848 0.24494531249999998 0.16102589641434253 0.08541796875000003
1 0.37959661354581675 0.3260546875 0.13819970119521918 0.12488671875000001
1 0.8213844621513944 0.32828124999999997 0.07223730079681287 0.19304492187499997
0 0.4756723107569721 0.33275 0.29129233067729093 0.25697265625000004
0 0.7366583665338645 0.41053125 0.3239666334661355 0.25508984374999993
0 0.37659860557768926 0.44432031250000004 0.34013321713147415 0.33251171875
1 0.4764043824701195 0.46704687500000003 0.14821713147410365 0.17954296874999992
1 0.1478784860557769 0.5135468750000001 0.18341135458167335 0.17643749999999994
0 0.6452639442231076 0.5274921875 0.35481075697211156 0.29702343750000004
1 0.7693376494023904 0.5678984375 0.1391708167330677 0.19801171875000012
0 0.24217131474103584 0.5898359375 0.43178411354581675 0.3789023437499999
1 0.4356772908366534 0.6337109375 0.20924302788844626 0.3016718750000001
1 0.29918326693227093 0.6869765625 0.05429531872509965 0.10572656250000012
0 0.588386454183267 0.6994296875 0.41471862549800803 0.4345585937500001
