1 0.4384765625 0.6886178861788618 0.168701171875 0.2682926829268293
1 0.3447265625 0.14471544715447154 0.091552734375 0.11707317073170732
1 0.505859375 0.16016260162601625 0.067138671875 0.16707317073170733
1 0.29296875 0.23414634146341465 0.205322265625 0.17113821138211383
0 0.5146484375 0.2707317073170732 0.23681640625 0.18130081300813009
1 0.4501953125 0.2934959349593496 0.1123046875 0.16504065040650406
1 0.6845703125 0.35121951219512193 0.139404296875 0.16707317073170733
0 0.32763671875 0.35121951219512193 0.253173828125 0.3008130081300813
1 0.25 0.3829268292682927 0.10888671875 0.18963414634146342
0 0.6044921875 0.4 0.29833984375 0.28760162601626016
1 0.49267578125 0.4373983739837398 0.14306640625 0.21707317073170732
0 0.3896484375 0.4845528455284553 0.26318359375 0.20243902439024392
0 0.7763671875 0.5016260162601626 0.3173828125 0.3016260162601626
1 0.88525390625 0.5756097560975609 0.103271484375 0.11585365853658537
0 0.5498046875 0.6398373983739838 0.3939208984375 0.28028455284552845
