1 0.41943359375 0.06056701030927835 0.158203125 0.1211340206185567
1 0.66748046875 0.07860824742268041 0.0439453125 0.15721649484536082
1 0.5625 0.15549828178694158 0.0697021484375 0.16215635738831616
1 0.337890625 0.1563573883161512 0.073486328125 0.15721649484536082
0 0.431640625 0.16494845360824742 0.285888671875 0.2615979381443299
0 0.6611328125 0.17268041237113402 0.242919921875 0.18814432989690721
1 0.53125 0.27835051546391754 0.086669921875 0.19802405498281786
0 0.431640625 0.28436426116838487 0.3427734375 0.28823024054982815
0 0.68994140625 0.29037800687285226 0.3287353515625 0.25837628865979384
1 0.79638671875 0.29467353951890035 0.1396484375 0.22422680412371135
0 0.4443359375 0.46735395189003437 0.472412109375 0.43127147766323026
1 0.6650390625 0.468213058419244 0.152099609375 0.3384879725085911
0 0.81689453125 0.4725085910652921 0.3623046875 0.34664948453608246
1 0.2841796875 0.47680412371134023 0.130126953125 0.36597938144329895
