1 0.5943027888446215 0.8059843750000001 0.2067056772908367 0.17076562499999995
1 0.5132221115537848 0.24494531249999998 0.1580378486055776 0.11666796875
1 0.37959661354581675 0.3260546875 0.13770044820717134 0.12338085937500001
1 0.8213844621513944 0.32828124999999997 0.07002241035856574 0.19273046875000005
0 0.4756723107569721 0.33275 0.29129233067729093 0.23861328125000006
0 0.7366583665338645 0.41053125 0.31749252988047816 0.22266796874999994
0 0.37659860557768926 0.44432031250000004 0.3271850099601594 0.22704296875000002
1 0.4764043824701195 0.46704687500000003 0.14896414342629488 0.18305859374999991
1 0.1478784860557769 0.5135468750000001 0.1849576693227092 0.1811874999999999
0 0.6452639442231076 0.5274921875 0.3540737051792829 0.28874609375000004
1 0.7693376494023904 0.5678984375 0.13118027888446207 0.18313281250000008
0 0.24217131474103584 0.5898359375 0.41833789840637453 0.3023398437499999
1 0.4356772908366534 0.6337109375 0.2069621513944224 0.29575781249999994
1 0.29918326693227093 0.6869765625 0.05428909362549803 0.10579296875000015
0 0.588386454183267 0.6994296875 0.4140326195219124 0.4305605468750001
