1 0.867309670781893 0.2601098901098901 0.07518518518518534 0.17538461538461542
1 0.42385288065843624 0.2647723704866562 0.16146219135802467 0.16790227629513338
0 0.5180401234567902 0.2756043956043956 0.31370370370370365 0.2642229199372057
1 0.6602572016460905 0.3134065934065934 0.1277507716049382 0.1423783359497645
0 0.7834104938271605 0.3382574568288854 0.3043261316872429 0.2393818681318681
0 0.40176440329218105 0.36872841444270016 0.31470936213991774 0.2996507064364208
1 0.49972222222222223 0.37712715855573 0.12802854938271602 0.16795918367346932
1 0.1574022633744856 0.4347880690737833 0.24633230452674895 0.2358418367346938
0 0.6911213991769547 0.46441130298273153 0.3632831790123456 0.2915600470957614
1 0.7987139917695474 0.4854395604395605 0.10492026748971177 0.2256240188383045
0 0.2670061728395061 0.48839874411302986 0.36359053497942384 0.3325902668759812
1 0.44895061728395064 0.5495761381475667 0.21191872427983535 0.1975313971742543
0 0.6092592592592593 0.615243328100471 0.41478395061728396 0.42792778649921515
