0 0.356884 0.447819 0.025407 0.016810
0 0.356884 0.466921 0.025407 0.016810
0 0.385755 0.447819 0.025407 0.016810
0 0.385755 0.466921 0.025407 0.016810
0 0.414627 0.447819 0.025407 0.016810
0 0.414627 0.466921 0.025407 0.016810
0 0.428497 0.449361 0.023108 0.027671
0 0.428497 0.480806 0.023108 0.027671
0 0.454755 0.449361 0.023108 0.027671
0 0.454755 0.480806 0.023108 0.027671
0 0.481014 0.449361 0.023108 0.027671
0 0.481014 0.480806 0.023108 0.027671
0 0.500248 0.463058 0.025645 0.031399
0 0.500248 0.498738 0.025645 0.031399
0 0.529391 0.463058 0.025645 0.031399
0 0.529391 0.498738 0.025645 0.031399
0 0.558533 0.463058 0.025645 0.031399
0 0.558533 0.498738 0.025645 0.031399
0 0.505747 0.437792 0.021572 0.015457
0 0.505747 0.455356 0.021572 0.015457
0 0.530260 0.437792 0.021572 0.015457
0 0.530260 0.455356 0.021572 0.015457
0 0.554774 0.437792 0.021572 0.015457
0 0.554774 0.455356 0.021572 0.015457
0 0.442672 0.431231 0.020561 0.020207
0 0.442672 0.454194 0.020561 0.020207
0 0.466036 0.431231 0.020561 0.020207
0 0.466036 0.454194 0.020561 0.020207
0 0.489401 0.431231 0.020561 0.020207
0 0.489401 0.454194 0.020561 0.020207
0 0.383578 0.422558 0.019676 0.017156
0 0.383578 0.442053 0.019676 0.017156
0 0.405938 0.422558 0.019676 0.017156
0 0.405938 0.442053 0.019676 0.017156
0 0.428297 0.422558 0.019676 0.017156
0 0.428297 0.442053 0.019676 0.017156
0 0.458472 0.416718 0.016703 0.011432
0 0.458472 0.429708 0.016703 0.011432
0 0.477453 0.416718 0.016703 0.011432
0 0.477453 0.429708 0.016703 0.011432
0 0.496434 0.416718 0.016703 0.011432
0 0.496434 0.429708 0.016703 0.011432
0 0.512043 0.420083 0.016980 0.011717
0 0.512043 0.433398 0.016980 0.011717
0 0.531339 0.420083 0.016980 0.011717
0 0.531339 0.433398 0.016980 0.011717
0 0.550634 0.420083 0.016980 0.011717
0 0.550634 0.433398 0.016980 0.011717
0 0.402655 0.413722 0.017556 0.008425
0 0.402655 0.423296 0.017556 0.008425
0 0.422604 0.413722 0.017556 0.008425
0 0.422604 0.423296 0.017556 0.008425
0 0.442554 0.413722 0.017556 0.008425
0 0.442554 0.423296 0.017556 0.008425
