0 0.322010 0.826970 0.087775 0.101514
0 0.322010 0.942326 0.087775 0.101514
0 0.421755 0.826970 0.087775 0.101514
0 0.421755 0.942326 0.087775 0.101514
0 0.521500 0.826970 0.087775 0.101514
0 0.521500 0.942326 0.087775 0.101514
0 0.048516 0.774887 0.085388 0.132069
0 0.048516 0.924965 0.085388 0.132069
0 0.145547 0.774887 0.085388 0.132069
0 0.145547 0.924965 0.085388 0.132069
0 0.242578 0.774887 0.085388 0.132069
0 0.242578 0.924965 0.085388 0.132069
0 0.340097 0.682005 0.055446 0.070441
0 0.340097 0.762051 0.055446 0.070441
0 0.403104 0.682005 0.055446 0.070441
0 0.403104 0.762051 0.055446 0.070441
0 0.466111 0.682005 0.055446 0.070441
0 0.466111 0.762051 0.055446 0.070441
0 0.104431 0.622789 0.076089 0.068082
0 0.104431 0.700155 0.076089 0.068082
0 0.190896 0.622789 0.076089 0.068082
0 0.190896 0.700155 0.076089 0.068082
0 0.277361 0.622789 0.076089 0.068082
0 0.277361 0.700155 0.076089 0.068082
0 0.350441 0.601769 0.039281 0.035167
0 0.350441 0.641731 0.039281 0.035167
0 0.395078 0.601769 0.039281 0.035167
0 0.395078 0.641731 0.039281 0.035167
0 0.439715 0.601769 0.039281 0.035167
0 0.439715 0.641731 0.039281 0.035167
0 0.196227 0.554319 0.047444 0.041287
0 0.196227 0.601236 0.047444 0.041287
0 0.250141 0.554319 0.047444 0.041287
0 0.250141 0.601236 0.047444 0.041287
0 0.304054 0.554319 0.047444 0.041287
0 0.304054 0.601236 0.047444 0.041287
0 0.037161 0.503789 0.058534 0.041975
0 0.037161 0.551488 0.058534 0.041975
0 0.103677 0.503789 0.058534 0.041975
0 0.103677 0.551488 0.058534 0.041975
0 0.170193 0.503789 0.058534 0.041975
0 0.170193 0.551488 0.058534 0.041975
0 0.022915 0.562801 0.040335 0.064362
0 0.022915 0.635940 0.040335 0.064362
0 0.068750 0.562801 0.040335 0.064362
0 0.068750 0.635940 0.040335 0.064362
0 0.114585 0.562801 0.040335 0.064362
0 0.114585 0.635940 0.040335 0.064362
