0 0.516451 0.410234 0.049575 0.044354
0 0.516451 0.460637 0.049575 0.044354
0 0.572786 0.410234 0.049575 0.044354
0 0.572786 0.460637 0.049575 0.044354
0 0.629122 0.410234 0.049575 0.044354
0 0.629122 0.460637 0.049575 0.044354
0 0.620174 0.472336 0.057964 0.055876
0 0.620174 0.535831 0.057964 0.055876
0 0.686042 0.472336 0.057964 0.055876
0 0.686042 0.535831 0.057964 0.055876
0 0.751910 0.472336 0.057964 0.055876
0 0.751910 0.535831 0.057964 0.055876
0 0.753049 0.555461 0.069532 0.075880
0 0.753049 0.641688 0.069532 0.075880
0 0.832062 0.555461 0.069532 0.075880
0 0.832062 0.641688 0.069532 0.075880
0 0.911076 0.555461 0.069532 0.075880
0 0.911076 0.641688 0.069532 0.075880
0 0.713917 0.417171 0.053373 0.048424
0 0.713917 0.472199 0.053373 0.048424
0 0.774568 0.417171 0.053373 0.048424
0 0.774568 0.472199 0.053373 0.048424
0 0.835219 0.417171 0.053373 0.048424
0 0.835219 0.472199 0.053373 0.048424
0 0.611349 0.369539 0.047020 0.033843
0 0.611349 0.407998 0.047020 0.033843
0 0.664781 0.369539 0.047020 0.033843
0 0.664781 0.407998 0.047020 0.033843
0 0.718214 0.369539 0.047020 0.033843
0 0.718214 0.407998 0.047020 0.033843
0 0.688318 0.328072 0.040393 0.030120
0 0.688318 0.362299 0.040393 0.030120
0 0.734219 0.328072 0.040393 0.030120
0 0.734219 0.362299 0.040393 0.030120
0 0.780120 0.328072 0.040393 0.030120
0 0.780120 0.362299 0.040393 0.030120
0 0.793632 0.374546 0.047001 0.042664
0 0.793632 0.423028 0.047001 0.042664
0 0.847042 0.374546 0.047001 0.042664
0 0.847042 0.423028 0.047001 0.042664
0 0.900451 0.374546 0.047001 0.042664
0 0.900451 0.423028 0.047001 0.042664
0 0.912832 0.420840 0.030682 0.050800
0 0.912832 0.478567 0.030682 0.050800
0 0.947698 0.420840 0.030682 0.050800
0 0.947698 0.478567 0.030682 0.050800
0 0.982564 0.420840 0.030682 0.050800
0 0.982564 0.478567 0.030682 0.050800
0 0.850260 0.482363 0.052708 0.065377
0 0.850260 0.556655 0.052708 0.065377
0 0.910156 0.482363 0.052708 0.065377
0 0.910156 0.556655 0.052708 0.065377
0 0.970052 0.482363 0.052708 0.065377
0 0.970052 0.556655 0.052708 0.065377
