0 0.331707 0.768356 0.068174 0.124659
0 0.331707 0.910014 0.068174 0.124659
0 0.409177 0.768356 0.068174 0.124659
0 0.409177 0.910014 0.068174 0.124659
0 0.486648 0.768356 0.068174 0.124659
0 0.486648 0.910014 0.068174 0.124659
0 0.122299 0.722456 0.082324 0.125347
0 0.122299 0.864896 0.082324 0.125347
0 0.215849 0.722456 0.082324 0.125347
0 0.215849 0.864896 0.082324 0.125347
0 0.309399 0.722456 0.082324 0.125347
0 0.309399 0.864896 0.082324 0.125347
0 0.033764 0.667106 0.059424 0.080903
0 0.033764 0.759042 0.059424 0.080903
0 0.101292 0.667106 0.059424 0.080903
0 0.101292 0.759042 0.059424 0.080903
0 0.168819 0.667106 0.059424 0.080903
0 0.168819 0.759042 0.059424 0.080903
0 0.272035 0.608287 0.047943 0.046640
0 0.272035 0.661287 0.047943 0.046640
0 0.326516 0.608287 0.047943 0.046640
0 0.326516 0.661287 0.047943 0.046640
0 0.380997 0.608287 0.047943 0.046640
0 0.380997 0.661287 0.047943 0.046640
0 0.135248 0.577433 0.056995 0.041217
0 0.135248 0.624271 0.056995 0.041217
0 0.200016 0.577433 0.056995 0.041217
0 0.200016 0.624271 0.056995 0.041217
0 0.264783 0.577433 0.056995 0.041217
0 0.264783 0.624271 0.056995 0.041217
0 0.436450 0.573574 0.032526 0.026286
0 0.436450 0.603444 0.032526 0.026286
0 0.473411 0.573574 0.032526 0.026286
0 0.473411 0.603444 0.032526 0.026286
0 0.510373 0.573574 0.032526 0.026286
0 0.510373 0.603444 0.032526 0.026286
0 0.333082 0.549269 0.036228 0.032397
0 0.333082 0.586083 0.036228 0.032397
0 0.374250 0.549269 0.036228 0.032397
0 0.374250 0.586083 0.036228 0.032397
0 0.415418 0.549269 0.036228 0.032397
0 0.415418 0.586083 0.036228 0.032397
0 0.246429 0.530949 0.034965 0.028673
0 0.246429 0.563532 0.034965 0.028673
0 0.286161 0.530949 0.034965 0.028673
0 0.286161 0.563532 0.034965 0.028673
0 0.325894 0.530949 0.034965 0.028673
0 0.325894 0.563532 0.034965 0.028673
