0 0.660818 0.829894 0.088248 0.074075
0 0.660818 0.914069 0.088248 0.074075
0 0.761099 0.829894 0.088248 0.074075
0 0.761099 0.914069 0.088248 0.074075
0 0.861380 0.829894 0.088248 0.074075
0 0.861380 0.914069 0.088248 0.074075
0 0.838325 0.803475 0.056910 0.072384
0 0.838325 0.885729 0.056910 0.072384
0 0.902995 0.803475 0.056910 0.072384
0 0.902995 0.885729 0.056910 0.072384
0 0.967665 0.803475 0.056910 0.072384
0 0.967665 0.885729 0.056910 0.072384
0 0.779731 0.918984 0.077535 0.047532
0 0.779731 0.972998 0.077535 0.047532
0 0.867839 0.918984 0.077535 0.047532
0 0.867839 0.972998 0.077535 0.047532
0 0.955946 0.918984 0.077535 0.047532
0 0.955946 0.972998 0.077535 0.047532
