1 0.738807 0.597259 0.144005 0.101861
1 0.629396 0.541213 0.154062 0.063991
1 0.554885 0.505704 0.150443 0.050444
0 0.564111 0.636336 0.066801 0.075529
0 0.564111 0.722164 0.066801 0.075529
0 0.640021 0.636336 0.066801 0.075529
0 0.640021 0.722164 0.066801 0.075529
0 0.715931 0.636336 0.066801 0.075529
0 0.715931 0.722164 0.066801 0.075529
0 0.510415 0.563044 0.033373 0.030364
0 0.510415 0.597549 0.033373 0.030364
0 0.548339 0.563044 0.033373 0.030364
0 0.548339 0.597549 0.033373 0.030364
0 0.586262 0.563044 0.033373 0.030364
0 0.586262 0.597549 0.033373 0.030364
0 0.733283 0.550806 0.044943 0.034124
0 0.733283 0.589583 0.044943 0.034124
0 0.784354 0.550806 0.044943 0.034124
0 0.784354 0.589583 0.044943 0.034124
0 0.835425 0.550806 0.044943 0.034124
0 0.835425 0.589583 0.044943 0.034124
0 0.654233 0.583468 0.054699 0.049109
0 0.654233 0.639273 0.054699 0.049109
0 0.716391 0.583468 0.054699 0.049109
0 0.716391 0.639273 0.054699 0.049109
0 0.778549 0.583468 0.054699 0.049109
0 0.778549 0.639273 0.054699 0.049109
