0 0.810113 0.607317 0.066840 0.085666
0 0.810113 0.704664 0.066840 0.085666
0 0.886068 0.607317 0.066840 0.085666
0 0.886068 0.704664 0.066840 0.085666
0 0.962023 0.607317 0.066840 0.085666
0 0.962023 0.704664 0.066840 0.085666
0 0.580530 0.546370 0.066112 0.059889
0 0.580530 0.614426 0.066112 0.059889
0 0.655656 0.546370 0.066112 0.059889
0 0.655656 0.614426 0.066112 0.059889
0 0.730783 0.546370 0.066112 0.059889
0 0.730783 0.614426 0.066112 0.059889
0 0.485778 0.435669 0.050594 0.036157
0 0.485778 0.476757 0.050594 0.036157
0 0.543271 0.435669 0.050594 0.036157
0 0.543271 0.476757 0.050594 0.036157
0 0.600764 0.435669 0.050594 0.036157
0 0.600764 0.476757 0.050594 0.036157
0 0.629795 0.455919 0.054268 0.043279
0 0.629795 0.505100 0.054268 0.043279
0 0.691464 0.455919 0.054268 0.043279
0 0.691464 0.505100 0.054268 0.043279
0 0.753132 0.455919 0.054268 0.043279
0 0.753132 0.505100 0.054268 0.043279
0 0.802019 0.475590 0.066341 0.053456
0 0.802019 0.536336 0.066341 0.053456
0 0.877406 0.475590 0.066341 0.053456
0 0.877406 0.536336 0.066341 0.053456
0 0.952793 0.475590 0.066341 0.053456
0 0.952793 0.536336 0.066341 0.053456
0 0.814024 0.418118 0.050812 0.033786
0 0.814024 0.456512 0.050812 0.033786
0 0.871766 0.418118 0.050812 0.033786
0 0.871766 0.456512 0.050812 0.033786
0 0.929507 0.418118 0.050812 0.033786
0 0.929507 0.456512 0.050812 0.033786
0 0.669288 0.402106 0.045864 0.025984
0 0.669288 0.431634 0.045864 0.025984
0 0.721406 0.402106 0.045864 0.025984
0 0.721406 0.431634 0.045864 0.025984
0 0.773524 0.402106 0.045864 0.025984
0 0.773524 0.431634 0.045864 0.025984
0 0.534531 0.392275 0.044733 0.020896
0 0.534531 0.416021 0.044733 0.020896
0 0.585365 0.392275 0.044733 0.020896
0 0.585365 0.416021 0.044733 0.020896
0 0.636198 0.392275 0.044733 0.020896
0 0.636198 0.416021 0.044733 0.020896
