0 0.261687 0.501810 0.068690 0.083315
0 0.261687 0.596486 0.068690 0.083315
0 0.339745 0.501810 0.068690 0.083315
0 0.339745 0.596486 0.068690 0.083315
0 0.417802 0.501810 0.068690 0.083315
0 0.417802 0.596486 0.068690 0.083315
0 0.062339 0.661454 0.107135 0.196321
0 0.062339 0.884546 0.107135 0.196321
0 0.184083 0.661454 0.107135 0.196321
0 0.184083 0.884546 0.107135 0.196321
0 0.305828 0.661454 0.107135 0.196321
0 0.305828 0.884546 0.107135 0.196321
0 0.027130 0.472336 0.047749 0.070086
0 0.027130 0.551979 0.047749 0.070086
0 0.081391 0.472336 0.047749 0.070086
0 0.081391 0.551979 0.047749 0.070086
0 0.135651 0.472336 0.047749 0.070086
0 0.135651 0.551979 0.047749 0.070086
0 0.085814 0.421602 0.074336 0.057004
0 0.085814 0.486380 0.074336 0.057004
0 0.170286 0.421602 0.074336 0.057004
0 0.170286 0.486380 0.074336 0.057004
0 0.254759 0.421602 0.074336 0.057004
0 0.254759 0.486380 0.074336 0.057004
