0 0.258260 0.739800 0.066208 0.068368
0 0.258260 0.817491 0.066208 0.068368
0 0.333496 0.739800 0.066208 0.068368
0 0.333496 0.817491 0.066208 0.068368
0 0.408732 0.739800 0.066208 0.068368
0 0.408732 0.817491 0.066208 0.068368
0 0.291260 0.863634 0.073477 0.078060
0 0.291260 0.952338 0.073477 0.078060
0 0.374756 0.863634 0.073477 0.078060
0 0.374756 0.952338 0.073477 0.078060
0 0.458252 0.863634 0.073477 0.078060
0 0.458252 0.952338 0.073477 0.078060
0 0.043538 0.898193 0.075124 0.058485
0 0.043538 0.964654 0.075124 0.058485
0 0.128906 0.898193 0.075124 0.058485
0 0.128906 0.964654 0.075124 0.058485
0 0.214274 0.898193 0.075124 0.058485
0 0.214274 0.964654 0.075124 0.058485
0 0.038839 0.758816 0.068034 0.080734
0 0.038839 0.850559 0.068034 0.080734
0 0.116150 0.758816 0.068034 0.080734
0 0.116150 0.850559 0.068034 0.080734
0 0.193461 0.758816 0.068034 0.080734
0 0.193461 0.850559 0.068034 0.080734
