0 0.623977 0.816245 0.131672 0.104174
0 0.623977 0.934625 0.131672 0.104174
0 0.773604 0.816245 0.131672 0.104174
0 0.773604 0.934625 0.131672 0.104174
0 0.923231 0.816245 0.131672 0.104174
0 0.923231 0.934625 0.131672 0.104174
0 0.528094 0.663234 0.102318 0.165778
0 0.528094 0.851618 0.102318 0.165778
0 0.644365 0.663234 0.102318 0.165778
0 0.644365 0.851618 0.102318 0.165778
0 0.760635 0.663234 0.102318 0.165778
0 0.760635 0.851618 0.102318 0.165778
0 0.731517 0.516667 0.093132 0.109250
0 0.731517 0.640815 0.093132 0.109250
0 0.837349 0.516667 0.093132 0.109250
0 0.837349 0.640815 0.093132 0.109250
0 0.943181 0.516667 0.093132 0.109250
0 0.943181 0.640815 0.093132 0.109250
0 0.754099 0.376586 0.074163 0.041991
0 0.754099 0.424303 0.074163 0.041991
0 0.838375 0.376586 0.074163 0.041991
0 0.838375 0.424303 0.074163 0.041991
0 0.922651 0.376586 0.074163 0.041991
0 0.922651 0.424303 0.074163 0.041991
0 0.673321 0.454701 0.048952 0.056813
0 0.673321 0.519262 0.048952 0.056813
0 0.728948 0.454701 0.048952 0.056813
0 0.728948 0.519262 0.048952 0.056813
0 0.784575 0.454701 0.048952 0.056813
0 0.784575 0.519262 0.048952 0.056813
0 0.471962 0.543201 0.047650 0.075456
0 0.471962 0.628947 0.047650 0.075456
0 0.526109 0.543201 0.047650 0.075456
0 0.526109 0.628947 0.047650 0.075456
0 0.580257 0.543201 0.047650 0.075456
0 0.580257 0.628947 0.047650 0.075456
