0 0.087615 0.357127 0.076432 0.055265
0 0.087615 0.419928 0.076432 0.055265
0 0.174469 0.357127 0.076432 0.055265
0 0.174469 0.419928 0.076432 0.055265
0 0.261323 0.357127 0.076432 0.055265
0 0.261323 0.419928 0.076432 0.055265
0 0.217283 0.486938 0.079648 0.074747
0 0.217283 0.571877 0.079648 0.074747
0 0.307792 0.486938 0.079648 0.074747
0 0.307792 0.571877 0.079648 0.074747
0 0.398300 0.486938 0.079648 0.074747
0 0.398300 0.571877 0.079648 0.074747
0 0.367616 0.464685 0.051263 0.051415
0 0.367616 0.523111 0.051263 0.051415
0 0.425870 0.464685 0.051263 0.051415
0 0.425870 0.523111 0.051263 0.051415
0 0.484123 0.464685 0.051263 0.051415
0 0.484123 0.523111 0.051263 0.051415
0 0.175177 0.320157 0.046658 0.027606
0 0.175177 0.351528 0.046658 0.027606
0 0.228198 0.320157 0.046658 0.027606
0 0.228198 0.351528 0.046658 0.027606
0 0.281219 0.320157 0.046658 0.027606
0 0.281219 0.351528 0.046658 0.027606
0 0.260083 0.379611 0.049853 0.031908
0 0.260083 0.415870 0.049853 0.031908
0 0.316734 0.379611 0.049853 0.031908
0 0.316734 0.415870 0.049853 0.031908
0 0.373385 0.379611 0.049853 0.031908
0 0.373385 0.415870 0.049853 0.031908
0 0.032908 0.296493 0.057923 0.032768
0 0.032908 0.333729 0.057923 0.032768
0 0.098729 0.296493 0.057923 0.032768
0 0.098729 0.333729 0.057923 0.032768
0 0.164550 0.296493 0.057923 0.032768
0 0.164550 0.333729 0.057923 0.032768
0 0.447670 0.448926 0.038520 0.043201
0 0.447670 0.498019 0.038520 0.043201
0 0.491443 0.448926 0.038520 0.043201
0 0.491443 0.498019 0.038520 0.043201
0 0.535215 0.448926 0.038520 0.043201
0 0.535215 0.498019 0.038520 0.043201
0 0.354866 0.383745 0.037893 0.026245
0 0.354866 0.413569 0.037893 0.026245
0 0.397927 0.383745 0.037893 0.026245
0 0.397927 0.413569 0.037893 0.026245
0 0.440988 0.383745 0.037893 0.026245
0 0.440988 0.413569 0.037893 0.026245
0 0.280505 0.335519 0.035356 0.022864
0 0.280505 0.361500 0.035356 0.022864
0 0.320682 0.335519 0.035356 0.022864
0 0.320682 0.361500 0.035356 0.022864
0 0.360859 0.335519 0.035356 0.022864
0 0.360859 0.361500 0.035356 0.022864
