0 0.200089 0.765845 0.084182 0.106606
0 0.200089 0.886988 0.084182 0.106606
0 0.295750 0.765845 0.084182 0.106606
0 0.295750 0.886988 0.084182 0.106606
0 0.391411 0.765845 0.084182 0.106606
0 0.391411 0.886988 0.084182 0.106606
0 0.048660 0.648972 0.085641 0.097876
0 0.048660 0.760194 0.085641 0.097876
0 0.145979 0.648972 0.085641 0.097876
0 0.145979 0.760194 0.085641 0.097876
0 0.243299 0.648972 0.085641 0.097876
0 0.243299 0.760194 0.085641 0.097876
0 0.062983 0.868637 0.097095 0.077069
0 0.062983 0.956215 0.097095 0.077069
0 0.173318 0.868637 0.097095 0.077069
0 0.173318 0.956215 0.097095 0.077069
0 0.283653 0.868637 0.097095 0.077069
0 0.283653 0.956215 0.097095 0.077069
