0 0.351535 0.679655 0.058751 0.050017
0 0.351535 0.736493 0.058751 0.050017
0 0.418297 0.679655 0.058751 0.050017
0 0.418297 0.736493 0.058751 0.050017
0 0.485059 0.679655 0.058751 0.050017
0 0.485059 0.736493 0.058751 0.050017
0 0.143937 0.672900 0.067682 0.066648
0 0.143937 0.748637 0.067682 0.066648
0 0.220849 0.672900 0.067682 0.066648
0 0.220849 0.748637 0.067682 0.066648
0 0.297760 0.672900 0.067682 0.066648
0 0.297760 0.748637 0.067682 0.066648
0 0.272262 0.800345 0.093375 0.117134
0 0.272262 0.933451 0.093375 0.117134
0 0.378370 0.800345 0.093375 0.117134
0 0.378370 0.933451 0.093375 0.117134
0 0.484477 0.800345 0.093375 0.117134
0 0.484477 0.933451 0.093375 0.117134
0 0.046635 0.814817 0.082078 0.108643
0 0.046635 0.938275 0.082078 0.108643
0 0.139906 0.814817 0.082078 0.108643
0 0.139906 0.938275 0.082078 0.108643
0 0.233177 0.814817 0.082078 0.108643
0 0.233177 0.938275 0.082078 0.108643
0 0.030729 0.677331 0.054079 0.073093
0 0.030729 0.760391 0.054079 0.073093
0 0.092182 0.677331 0.054079 0.073093
0 0.092182 0.760391 0.054079 0.073093
0 0.153635 0.677331 0.054079 0.073093
0 0.153635 0.760391 0.054079 0.073093
