0 0.356300 0.738269 0.065626 0.120593
0 0.356300 0.875306 0.065626 0.120593
0 0.430875 0.738269 0.065626 0.120593
0 0.430875 0.875306 0.065626 0.120593
0 0.505450 0.738269 0.065626 0.120593
0 0.505450 0.875306 0.065626 0.120593
0 0.187326 0.685431 0.070736 0.109063
0 0.187326 0.809366 0.070736 0.109063
0 0.267708 0.685431 0.070736 0.109063
0 0.267708 0.809366 0.070736 0.109063
0 0.348090 0.685431 0.070736 0.109063
0 0.348090 0.809366 0.070736 0.109063
0 0.046130 0.642035 0.074314 0.091084
0 0.046130 0.745539 0.074314 0.091084
0 0.130578 0.642035 0.074314 0.091084
0 0.130578 0.745539 0.074314 0.091084
0 0.215026 0.642035 0.074314 0.091084
0 0.215026 0.745539 0.074314 0.091084
0 0.205990 0.550817 0.048588 0.035114
0 0.205990 0.590720 0.048588 0.035114
0 0.261203 0.550817 0.048588 0.035114
0 0.261203 0.590720 0.048588 0.035114
0 0.316417 0.550817 0.048588 0.035114
0 0.316417 0.590720 0.048588 0.035114
0 0.316082 0.577042 0.045267 0.040537
0 0.316082 0.623106 0.045267 0.040537
0 0.367521 0.577042 0.045267 0.040537
0 0.367521 0.623106 0.045267 0.040537
0 0.418960 0.577042 0.045267 0.040537
0 0.418960 0.623106 0.045267 0.040537
0 0.439339 0.605199 0.042199 0.049353
0 0.439339 0.661282 0.042199 0.049353
0 0.487292 0.605199 0.042199 0.049353
0 0.487292 0.661282 0.042199 0.049353
0 0.535245 0.605199 0.042199 0.049353
0 0.535245 0.661282 0.042199 0.049353
0 0.294384 0.503757 0.034578 0.025622
0 0.294384 0.532873 0.034578 0.025622
0 0.333677 0.503757 0.034578 0.025622
0 0.333677 0.532873 0.034578 0.025622
0 0.372970 0.503757 0.034578 0.025622
0 0.372970 0.532873 0.034578 0.025622
0 0.376484 0.520926 0.034696 0.027313
0 0.376484 0.551963 0.034696 0.027313
0 0.415911 0.520926 0.034696 0.027313
0 0.415911 0.551963 0.034696 0.027313
0 0.455339 0.520926 0.034696 0.027313
0 0.455339 0.551963 0.034696 0.027313
