0 0.627102 0.898683 0.091352 0.057628
0 0.627102 0.964169 0.091352 0.057628
0 0.730911 0.898683 0.091352 0.057628
0 0.730911 0.964169 0.091352 0.057628
0 0.834720 0.898683 0.091352 0.057628
0 0.834720 0.964169 0.091352 0.057628
0 0.736010 0.731905 0.087037 0.078650
0 0.736010 0.821280 0.087037 0.078650
0 0.834917 0.731905 0.087037 0.078650
0 0.834917 0.821280 0.087037 0.078650
0 0.933823 0.731905 0.087037 0.078650
0 0.933823 0.821280 0.087037 0.078650
0 0.655425 0.629241 0.052962 0.041099
0 0.655425 0.675944 0.052962 0.041099
0 0.715609 0.629241 0.052962 0.041099
0 0.715609 0.675944 0.052962 0.041099
0 0.775793 0.629241 0.052962 0.041099
0 0.775793 0.675944 0.052962 0.041099
0 0.770451 0.628456 0.055277 0.040134
0 0.770451 0.674063 0.055277 0.040134
0 0.833266 0.628456 0.055277 0.040134
0 0.833266 0.674063 0.055277 0.040134
0 0.896080 0.628456 0.055277 0.040134
0 0.896080 0.674063 0.055277 0.040134
0 0.556734 0.734437 0.076940 0.085323
0 0.556734 0.831396 0.076940 0.085323
0 0.644167 0.734437 0.076940 0.085323
0 0.644167 0.831396 0.076940 0.085323
0 0.731599 0.734437 0.076940 0.085323
0 0.731599 0.831396 0.076940 0.085323
0 0.862196 0.887734 0.048507 0.065866
0 0.862196 0.962581 0.048507 0.065866
0 0.917318 0.887734 0.048507 0.065866
0 0.917318 0.962581 0.048507 0.065866
0 0.972439 0.887734 0.048507 0.065866
0 0.972439 0.962581 0.048507 0.065866
0 0.521616 0.632991 0.048307 0.037156
0 0.521616 0.675213 0.048307 0.037156
0 0.576510 0.632991 0.048307 0.037156
0 0.576510 0.675213 0.048307 0.037156
0 0.631405 0.632991 0.048307 0.037156
0 0.631405 0.675213 0.048307 0.037156
