0 0.421325 0.642616 0.058619 0.054096
0 0.421325 0.704088 0.058619 0.054096
0 0.487938 0.642616 0.058619 0.054096
0 0.487938 0.704088 0.058619 0.054096
0 0.554550 0.642616 0.058619 0.054096
0 0.554550 0.704088 0.058619 0.054096
0 0.252359 0.692384 0.064740 0.065503
0 0.252359 0.766819 0.064740 0.065503
0 0.325927 0.692384 0.064740 0.065503
0 0.325927 0.766819 0.064740 0.065503
0 0.399495 0.692384 0.064740 0.065503
0 0.399495 0.766819 0.064740 0.065503
0 0.505903 0.721759 0.043792 0.060394
0 0.505903 0.790389 0.043792 0.060394
0 0.555667 0.721759 0.043792 0.060394
0 0.555667 0.790389 0.043792 0.060394
0 0.605431 0.721759 0.043792 0.060394
0 0.605431 0.790389 0.043792 0.060394
0 0.340986 0.791016 0.063450 0.075244
0 0.340986 0.876521 0.063450 0.075244
0 0.413089 0.791016 0.063450 0.075244
0 0.413089 0.876521 0.063450 0.075244
0 0.485191 0.791016 0.063450 0.075244
0 0.485191 0.876521 0.063450 0.075244
0 0.046425 0.776528 0.077845 0.093101
0 0.046425 0.882324 0.077845 0.093101
0 0.134885 0.776528 0.077845 0.093101
0 0.134885 0.882324 0.077845 0.093101
0 0.223345 0.776528 0.077845 0.093101
0 0.223345 0.882324 0.077845 0.093101
0 0.486042 0.899907 0.054821 0.057004
0 0.486042 0.964685 0.054821 0.057004
0 0.548339 0.899907 0.054821 0.057004
0 0.548339 0.964685 0.054821 0.057004
0 0.610635 0.899907 0.054821 0.057004
0 0.610635 0.964685 0.054821 0.057004
0 0.102333 0.877199 0.095892 0.070995
0 0.102333 0.957875 0.095892 0.070995
0 0.211302 0.877199 0.095892 0.070995
0 0.211302 0.957875 0.095892 0.070995
0 0.320271 0.877199 0.095892 0.070995
0 0.320271 0.957875 0.095892 0.070995
0 0.670490 0.833331 0.085007 0.097016
0 0.670490 0.943576 0.085007 0.097016
0 0.767089 0.833331 0.085007 0.097016
0 0.767089 0.943576 0.085007 0.097016
0 0.863687 0.833331 0.085007 0.097016
0 0.863687 0.943576 0.085007 0.097016
