0 0.286113 0.554139 0.054534 0.057770
0 0.286113 0.619787 0.054534 0.057770
0 0.348083 0.554139 0.054534 0.057770
0 0.348083 0.619787 0.054534 0.057770
0 0.410054 0.554139 0.054534 0.057770
0 0.410054 0.619787 0.054534 0.057770
0 0.124406 0.638194 0.089004 0.095610
0 0.124406 0.746843 0.089004 0.095610
0 0.225547 0.638194 0.089004 0.095610
0 0.225547 0.746843 0.089004 0.095610
0 0.326688 0.638194 0.089004 0.095610
0 0.326688 0.746843 0.089004 0.095610
0 0.036804 0.557623 0.064775 0.072759
0 0.036804 0.640303 0.064775 0.072759
0 0.110411 0.557623 0.064775 0.072759
0 0.110411 0.640303 0.064775 0.072759
0 0.184019 0.557623 0.064775 0.072759
0 0.184019 0.640303 0.064775 0.072759
0 0.154036 0.492157 0.061880 0.050959
0 0.154036 0.550065 0.061880 0.050959
0 0.224354 0.492157 0.061880 0.050959
0 0.224354 0.550065 0.061880 0.050959
0 0.294672 0.492157 0.061880 0.050959
0 0.294672 0.550065 0.061880 0.050959
0 0.036915 0.455583 0.064966 0.041083
0 0.036915 0.502269 0.064966 0.041083
0 0.110740 0.455583 0.064966 0.041083
0 0.110740 0.502269 0.064966 0.041083
0 0.184564 0.455583 0.064966 0.041083
0 0.184564 0.502269 0.064966 0.041083
0 0.041505 0.789875 0.068750 0.123273
0 0.041505 0.929958 0.068750 0.123273
0 0.119630 0.789875 0.068750 0.123273
0 0.119630 0.929958 0.068750 0.123273
0 0.197755 0.789875 0.068750 0.123273
0 0.197755 0.929958 0.068750 0.123273
