0 0.154144 0.568833 0.091732 0.099636
0 0.154144 0.682056 0.091732 0.099636
0 0.258385 0.568833 0.091732 0.099636
0 0.258385 0.682056 0.091732 0.099636
0 0.362627 0.568833 0.091732 0.099636
0 0.362627 0.682056 0.091732 0.099636
0 0.323170 0.521211 0.055180 0.061979
0 0.323170 0.591641 0.055180 0.061979
0 0.385875 0.521211 0.055180 0.061979
0 0.385875 0.591641 0.055180 0.061979
0 0.448580 0.521211 0.055180 0.061979
0 0.448580 0.591641 0.055180 0.061979
0 0.404595 0.489984 0.039653 0.047728
0 0.404595 0.544220 0.039653 0.047728
0 0.449656 0.489984 0.039653 0.047728
0 0.449656 0.544220 0.039653 0.047728
0 0.494717 0.489984 0.039653 0.047728
0 0.494717 0.544220 0.039653 0.047728
0 0.043007 0.424229 0.075697 0.065026
0 0.043007 0.498123 0.075697 0.065026
0 0.129026 0.424229 0.075697 0.065026
0 0.129026 0.498123 0.075697 0.065026
0 0.215045 0.424229 0.075697 0.065026
0 0.215045 0.498123 0.075697 0.065026
0 0.198722 0.415440 0.055607 0.042297
0 0.198722 0.463505 0.055607 0.042297
0 0.261911 0.415440 0.055607 0.042297
0 0.261911 0.463505 0.055607 0.042297
0 0.325101 0.415440 0.055607 0.042297
0 0.325101 0.463505 0.055607 0.042297
0 0.308969 0.413602 0.039348 0.033717
0 0.308969 0.451917 0.039348 0.033717
0 0.353682 0.413602 0.039348 0.033717
0 0.353682 0.451917 0.039348 0.033717
0 0.398396 0.413602 0.039348 0.033717
0 0.398396 0.451917 0.039348 0.033717
0 0.024092 0.333778 0.042402 0.039828
0 0.024092 0.379037 0.042402 0.039828
0 0.072276 0.333778 0.042402 0.039828
0 0.072276 0.379037 0.042402 0.039828
0 0.120460 0.333778 0.042402 0.039828
0 0.120460 0.379037 0.042402 0.039828
0 0.099280 0.341660 0.057302 0.034495
0 0.099280 0.380859 0.057302 0.034495
0 0.164396 0.341660 0.057302 0.034495
0 0.164396 0.380859 0.057302 0.034495
0 0.229512 0.341660 0.057302 0.034495
0 0.229512 0.380859 0.057302 0.034495
0 0.220314 0.360389 0.040621 0.024216
0 0.220314 0.387907 0.040621 0.024216
0 0.266474 0.360389 0.040621 0.024216
0 0.266474 0.387907 0.040621 0.024216
0 0.312634 0.360389 0.040621 0.024216
0 0.312634 0.387907 0.040621 0.024216
