0 0.203859 0.589706 0.052209 0.042937
0 0.203859 0.638498 0.052209 0.042937
0 0.263188 0.589706 0.052209 0.042937
0 0.263188 0.638498 0.052209 0.042937
0 0.322516 0.589706 0.052209 0.042937
0 0.322516 0.638498 0.052209 0.042937
0 0.464179 0.556965 0.036344 0.034186
0 0.464179 0.595812 0.036344 0.034186
0 0.505479 0.556965 0.036344 0.034186
0 0.505479 0.595812 0.036344 0.034186
0 0.546780 0.556965 0.036344 0.034186
0 0.546780 0.595812 0.036344 0.034186
0 0.276856 0.524854 0.031798 0.022713
0 0.276856 0.550664 0.031798 0.022713
0 0.312990 0.524854 0.031798 0.022713
0 0.312990 0.550664 0.031798 0.022713
0 0.349123 0.524854 0.031798 0.022713
0 0.349123 0.550664 0.031798 0.022713
0 0.406229 0.522181 0.029237 0.020541
0 0.406229 0.545523 0.029237 0.020541
0 0.439453 0.522181 0.029237 0.020541
0 0.439453 0.545523 0.029237 0.020541
0 0.472677 0.522181 0.029237 0.020541
0 0.472677 0.545523 0.029237 0.020541
0 0.285632 0.651104 0.057583 0.069027
0 0.285632 0.729544 0.057583 0.069027
0 0.351068 0.651104 0.057583 0.069027
0 0.351068 0.729544 0.057583 0.069027
0 0.416503 0.651104 0.057583 0.069027
0 0.416503 0.729544 0.057583 0.069027
0 0.394679 0.591317 0.044865 0.053431
0 0.394679 0.652035 0.044865 0.053431
0 0.445661 0.591317 0.044865 0.053431
0 0.445661 0.652035 0.044865 0.053431
0 0.496644 0.591317 0.044865 0.053431
0 0.496644 0.652035 0.044865 0.053431
0 0.157240 0.553123 0.042996 0.031024
0 0.157240 0.588377 0.042996 0.031024
0 0.206099 0.553123 0.042996 0.031024
0 0.206099 0.588377 0.042996 0.031024
0 0.254958 0.553123 0.042996 0.031024
0 0.254958 0.588377 0.042996 0.031024
0 0.320137 0.555049 0.040941 0.028987
0 0.320137 0.587988 0.040941 0.028987
0 0.366661 0.555049 0.040941 0.028987
0 0.366661 0.587988 0.040941 0.028987
0 0.413186 0.555049 0.040941 0.028987
0 0.413186 0.587988 0.040941 0.028987
0 0.337938 0.504130 0.031011 0.018138
0 0.337938 0.524741 0.031011 0.018138
0 0.373177 0.504130 0.031011 0.018138
0 0.373177 0.524741 0.031011 0.018138
0 0.408417 0.504130 0.031011 0.018138
0 0.408417 0.524741 0.031011 0.018138
