0 0.361613 0.669868 0.050023 0.050130
0 0.361613 0.726834 0.050023 0.050130
0 0.418457 0.669868 0.050023 0.050130
0 0.418457 0.726834 0.050023 0.050130
0 0.475301 0.669868 0.050023 0.050130
0 0.475301 0.726834 0.050023 0.050130
0 0.306294 0.806076 0.084140 0.112921
0 0.306294 0.934395 0.084140 0.112921
0 0.401908 0.806076 0.084140 0.112921
0 0.401908 0.934395 0.084140 0.112921
0 0.497522 0.806076 0.084140 0.112921
0 0.497522 0.934395 0.084140 0.112921
0 0.012822 0.780992 0.022568 0.038648
0 0.012822 0.824910 0.022568 0.038648
0 0.038467 0.780992 0.022568 0.038648
0 0.038467 0.824910 0.022568 0.038648
0 0.064112 0.780992 0.022568 0.038648
0 0.064112 0.824910 0.022568 0.038648
0 0.056152 0.803331 0.091523 0.114679
0 0.056152 0.933648 0.091523 0.114679
0 0.160156 0.803331 0.091523 0.114679
0 0.160156 0.933648 0.091523 0.114679
0 0.264160 0.803331 0.091523 0.114679
0 0.264160 0.933648 0.091523 0.114679
0 0.170085 0.671902 0.065814 0.053424
0 0.170085 0.732612 0.065814 0.053424
0 0.244873 0.671902 0.065814 0.053424
0 0.244873 0.732612 0.065814 0.053424
0 0.319661 0.671902 0.065814 0.053424
0 0.319661 0.732612 0.065814 0.053424
0 0.033783 0.690837 0.059458 0.094197
0 0.033783 0.797879 0.059458 0.094197
0 0.101349 0.690837 0.059458 0.094197
0 0.101349 0.797879 0.059458 0.094197
0 0.168915 0.690837 0.059458 0.094197
0 0.168915 0.797879 0.059458 0.094197
