0 0.064104 0.328669 0.112819 0.096323
0 0.064104 0.438127 0.112819 0.096323
0 0.192307 0.328669 0.112819 0.096323
0 0.192307 0.438127 0.112819 0.096323
0 0.320510 0.328669 0.112819 0.096323
0 0.320510 0.438127 0.112819 0.096323
0 0.270191 0.366206 0.066359 0.063714
0 0.270191 0.438609 0.066359 0.063714
0 0.345599 0.366206 0.066359 0.063714
0 0.345599 0.438609 0.066359 0.063714
0 0.421007 0.366206 0.066359 0.063714
0 0.421007 0.438609 0.066359 0.063714
0 0.107816 0.254896 0.069402 0.052185
0 0.107816 0.314197 0.069402 0.052185
0 0.186682 0.254896 0.069402 0.052185
0 0.186682 0.314197 0.069402 0.052185
0 0.265549 0.254896 0.069402 0.052185
0 0.265549 0.314197 0.069402 0.052185
0 0.368188 0.375468 0.044926 0.044627
0 0.368188 0.426181 0.044926 0.044627
0 0.419240 0.375468 0.044926 0.044627
0 0.419240 0.426181 0.044926 0.044627
0 0.470292 0.375468 0.044926 0.044627
0 0.470292 0.426181 0.044926 0.044627
