0 0.616840 0.833558 0.084181 0.096812
0 0.616840 0.943572 0.084181 0.096812
0 0.712500 0.833558 0.084181 0.096812
0 0.712500 0.943572 0.084181 0.096812
0 0.808160 0.833558 0.084181 0.096812
0 0.808160 0.943572 0.084181 0.096812
0 0.302734 0.816215 0.073906 0.097350
0 0.302734 0.926840 0.073906 0.097350
0 0.386719 0.816215 0.073906 0.097350
0 0.386719 0.926840 0.073906 0.097350
0 0.470703 0.816215 0.073906 0.097350
0 0.470703 0.926840 0.073906 0.097350
0 0.395507 0.714171 0.088516 0.078344
0 0.395507 0.803199 0.088516 0.078344
0 0.496094 0.714171 0.088516 0.078344
0 0.496094 0.803199 0.088516 0.078344
0 0.596681 0.714171 0.088516 0.078344
0 0.596681 0.803199 0.088516 0.078344
0 0.053141 0.861981 0.092024 0.079444
0 0.053141 0.952259 0.092024 0.079444
0 0.157714 0.861981 0.092024 0.079444
0 0.157714 0.952259 0.092024 0.079444
0 0.262286 0.861981 0.092024 0.079444
0 0.262286 0.952259 0.092024 0.079444
0 0.036398 0.747965 0.063844 0.088371
0 0.036398 0.848387 0.063844 0.088371
0 0.108948 0.747965 0.063844 0.088371
0 0.108948 0.848387 0.063844 0.088371
0 0.181498 0.747965 0.063844 0.088371
0 0.181498 0.848387 0.063844 0.088371
0 0.405439 0.903039 0.070325 0.056886
0 0.405439 0.967683 0.070325 0.056886
0 0.485354 0.903039 0.070325 0.056886
0 0.485354 0.967683 0.070325 0.056886
0 0.565269 0.903039 0.070325 0.056886
0 0.565269 0.967683 0.070325 0.056886
0 0.366660 0.633162 0.050739 0.050559
0 0.366660 0.690616 0.050739 0.050559
0 0.424318 0.633162 0.050739 0.050559
0 0.424318 0.690616 0.050739 0.050559
0 0.481976 0.633162 0.050739 0.050559
0 0.481976 0.690616 0.050739 0.050559
0 0.221759 0.690970 0.063737 0.066460
0 0.221759 0.766493 0.063737 0.066460
0 0.294187 0.690970 0.063737 0.066460
0 0.294187 0.766493 0.063737 0.066460
0 0.366616 0.690970 0.063737 0.066460
0 0.366616 0.766493 0.063737 0.066460
