0 0.350693 0.600949 0.045045 0.046909
0 0.350693 0.654255 0.045045 0.046909
0 0.401880 0.600949 0.045045 0.046909
0 0.401880 0.654255 0.045045 0.046909
0 0.453068 0.600949 0.045045 0.046909
0 0.453068 0.654255 0.045045 0.046909
0 0.047809 0.757762 0.078346 0.123082
0 0.047809 0.897627 0.078346 0.123082
0 0.136839 0.757762 0.078346 0.123082
0 0.136839 0.897627 0.078346 0.123082
0 0.225868 0.757762 0.078346 0.123082
0 0.225868 0.897627 0.078346 0.123082
0 0.343802 0.754486 0.066816 0.100165
0 0.343802 0.868310 0.066816 0.100165
0 0.419729 0.754486 0.066816 0.100165
0 0.419729 0.868310 0.066816 0.100165
0 0.495656 0.754486 0.066816 0.100165
0 0.495656 0.868310 0.066816 0.100165
0 0.512340 0.840292 0.084199 0.093696
0 0.512340 0.946764 0.084199 0.093696
0 0.608021 0.840292 0.084199 0.093696
0 0.608021 0.946764 0.084199 0.093696
0 0.703701 0.840292 0.084199 0.093696
0 0.703701 0.946764 0.084199 0.093696
0 0.230714 0.653375 0.065528 0.066937
0 0.230714 0.729440 0.065528 0.066937
0 0.305177 0.653375 0.065528 0.066937
0 0.305177 0.729440 0.065528 0.066937
0 0.379641 0.653375 0.065528 0.066937
0 0.379641 0.729440 0.065528 0.066937
