0 0.431477 0.713880 0.044327 0.058650
0 0.431477 0.780528 0.044327 0.058650
0 0.481849 0.713880 0.044327 0.058650
0 0.481849 0.780528 0.044327 0.058650
0 0.532220 0.713880 0.044327 0.058650
0 0.532220 0.780528 0.044327 0.058650
0 0.291543 0.693389 0.048733 0.053044
0 0.291543 0.753667 0.048733 0.053044
0 0.346922 0.693389 0.048733 0.053044
0 0.346922 0.753667 0.048733 0.053044
0 0.402300 0.693389 0.048733 0.053044
0 0.402300 0.753667 0.048733 0.053044
0 0.368207 0.834308 0.061840 0.097203
0 0.368207 0.944766 0.061840 0.097203
0 0.438479 0.834308 0.061840 0.097203
0 0.438479 0.944766 0.061840 0.097203
0 0.508752 0.834308 0.061840 0.097203
0 0.508752 0.944766 0.061840 0.097203
0 0.169271 0.821340 0.072545 0.092143
0 0.169271 0.926049 0.072545 0.092143
0 0.251708 0.821340 0.072545 0.092143
0 0.251708 0.926049 0.072545 0.092143
0 0.334146 0.821340 0.072545 0.092143
0 0.334146 0.926049 0.072545 0.092143
0 0.167682 0.671919 0.053102 0.048054
0 0.167682 0.726525 0.053102 0.048054
0 0.228026 0.671919 0.053102 0.048054
0 0.228026 0.726525 0.053102 0.048054
0 0.288370 0.671919 0.053102 0.048054
0 0.288370 0.726525 0.053102 0.048054
0 0.061766 0.937014 0.077344 0.036952
0 0.061766 0.979005 0.077344 0.036952
0 0.149656 0.937014 0.077344 0.036952
0 0.149656 0.979005 0.077344 0.036952
0 0.237547 0.937014 0.077344 0.036952
0 0.237547 0.979005 0.077344 0.036952
0 0.038970 0.776079 0.068588 0.085287
0 0.038970 0.872995 0.068588 0.085287
0 0.116911 0.776079 0.068588 0.085287
0 0.116911 0.872995 0.068588 0.085287
0 0.194852 0.776079 0.068588 0.085287
0 0.194852 0.872995 0.068588 0.085287
