0 0.0558671015625 0.782088505859375 0.195738068359375 0.79504130078125 0.223986630859375 0.74784738671875 0.216227935546875 0.6883960546875 0.08819359375 0.66905615234375 0.05497130859375 0.719711646484375 0.0558671015625 0.782088505859375
0 0.298600412109375 0.659139404296875 0.173092 0.63805090234375 0.155857400390625 0.681418568359375 0.220192138671875 0.68969446875 0.226034666015625 0.742254873046875 0.284141736328125 0.7506701328125 0.30483732421875 0.69890650390625 0.298600412109375 0.659139404296875
0 0.047464794921875 0.620044017578125 0.0336247890625 0.648478060546875 0.03452959375 0.665927869140625 0.146372423828125 0.678855361328125 0.164487310546875 0.633072724609375 0.047464794921875 0.620044017578125
0 0.188668685546875 0.59574253125 0.075106744140625 0.581991111328125 0.055249578125 0.6198710234375 0.17238555078125 0.639453109375 0.188668685546875 0.59574253125
0 0.320006111328125 0.610252103515625 0.191177212890625 0.59605083984375 0.16849316015625 0.639539607421875 0.300276271484375 0.656023185546875 0.320006111328125 0.610252103515625
0 0.327883140625 0.573284228515625 0.212806384765625 0.562292046875 0.19832686328125 0.5986659453125 0.31496011328125 0.608552673828125 0.327883140625 0.573284228515625
0 0.343469158203125 0.538081509765625 0.2326636015625 0.524413103515625 0.2174052265625 0.560803341796875 0.3312121796875 0.576299880859375 0.343469158203125 0.538081509765625
0 0.358369392578125 0.510639884765625 0.25012538671875 0.5004534453125 0.23358602734375 0.52716562109375 0.345692294921875 0.539926935546875 0.358369392578125 0.510639884765625
0 0.367734552734375 0.48138480078125 0.26949158203125 0.46813144921875 0.25535941015625 0.496177609375 0.361309771484375 0.510462228515625 0.367734552734375 0.48138480078125
0 0.377300298828125 0.455998185546875 0.28242628515625 0.447044443359375 0.27026984375 0.468114154296875 0.37162190625 0.483887466796875 0.377300298828125 0.455998185546875
0 0.2118633984375 0.560370728515625 0.106784212890625 0.546622513671875 0.08119084375 0.579082892578125 0.1964825078125 0.5931599296875 0.2118633984375 0.560370728515625
0 0.22765000390625 0.529036478515625 0.129263998046875 0.51423132421875 0.106784212890625 0.546622513671875 0.2140043984375 0.55533287890625 0.22765000390625 0.529036478515625
0 0.2498580546875 0.49562306640625 0.1527375234375 0.485978548828125 0.13074925390625 0.512811810546875 0.241154833984375 0.522837900390625 0.2498580546875 0.49562306640625
0 0.264758291015625 0.468181443359375 0.176426431640625 0.46187954296875 0.155216470703125 0.4886964765625 0.25535941015625 0.496177609375 0.264758291015625 0.468181443359375
0 0.27985911328125 0.44460829296875 0.189073943359375 0.4352538515625 0.17409110546875 0.461931439453125 0.269419771484375 0.46674653515625 0.27985911328125 0.44460829296875
