0 0.148483 0.728630 0.087158 0.095480
0 0.148483 0.837130 0.087158 0.095480
0 0.247526 0.728630 0.087158 0.095480
0 0.247526 0.837130 0.087158 0.095480
0 0.346569 0.728630 0.087158 0.095480
0 0.346569 0.837130 0.087158 0.095480
0 0.057123 0.892942 0.098241 0.062810
0 0.057123 0.964317 0.098241 0.062810
0 0.168760 0.892942 0.098241 0.062810
0 0.168760 0.964317 0.098241 0.062810
0 0.280398 0.892942 0.098241 0.062810
0 0.280398 0.964317 0.098241 0.062810
0 0.034415 0.700093 0.058279 0.094127
0 0.034415 0.807056 0.058279 0.094127
0 0.100641 0.700093 0.058279 0.094127
0 0.100641 0.807056 0.058279 0.094127
0 0.166866 0.700093 0.058279 0.094127
0 0.166866 0.807056 0.058279 0.094127
