0 0.066818 0.724079 0.112017 0.154807
0 0.066818 0.899995 0.112017 0.154807
0 0.194109 0.724079 0.112017 0.154807
0 0.194109 0.899995 0.112017 0.154807
0 0.321401 0.724079 0.112017 0.154807
0 0.321401 0.899995 0.112017 0.154807
0 0.275427 0.588039 0.063846 0.070347
0 0.275427 0.667979 0.063846 0.070347
0 0.347979 0.588039 0.063846 0.070347
0 0.347979 0.667979 0.063846 0.070347
0 0.420531 0.588039 0.063846 0.070347
0 0.420531 0.667979 0.063846 0.070347
0 0.363630 0.521472 0.043620 0.043185
0 0.363630 0.570546 0.043620 0.043185
0 0.413198 0.521472 0.043620 0.043185
0 0.413198 0.570546 0.043620 0.043185
0 0.462766 0.521472 0.043620 0.043185
0 0.462766 0.570546 0.043620 0.043185
0 0.032540 0.611699 0.057266 0.085515
0 0.032540 0.708875 0.057266 0.085515
0 0.097615 0.611699 0.057266 0.085515
0 0.097615 0.708875 0.057266 0.085515
0 0.162689 0.611699 0.057266 0.085515
0 0.162689 0.708875 0.057266 0.085515
0 0.122842 0.531567 0.069430 0.059771
0 0.122842 0.599488 0.069430 0.059771
0 0.201740 0.531567 0.069430 0.059771
0 0.201740 0.599488 0.069430 0.059771
0 0.280637 0.531567 0.069430 0.059771
0 0.280637 0.599488 0.069430 0.059771
0 0.251842 0.486278 0.044203 0.037970
0 0.251842 0.529426 0.044203 0.037970
0 0.302073 0.486278 0.044203 0.037970
0 0.302073 0.529426 0.044203 0.037970
0 0.352304 0.486278 0.044203 0.037970
0 0.352304 0.529426 0.044203 0.037970
0 0.147507 0.452354 0.048018 0.031415
0 0.147507 0.488053 0.048018 0.031415
0 0.202073 0.452354 0.048018 0.031415
0 0.202073 0.488053 0.048018 0.031415
0 0.256639 0.452354 0.048018 0.031415
0 0.256639 0.488053 0.048018 0.031415
0 0.033903 0.483655 0.059673 0.047100
0 0.033903 0.537178 0.059673 0.047100
0 0.101714 0.483655 0.059673 0.047100
0 0.101714 0.537178 0.059673 0.047100
0 0.169524 0.483655 0.059673 0.047100
0 0.169524 0.537178 0.059673 0.047100
