0 0.245049 0.676174 0.066911 0.076483
0 0.245049 0.763086 0.066911 0.076483
0 0.321083 0.676174 0.066911 0.076483
0 0.321083 0.763086 0.066911 0.076483
0 0.397118 0.676174 0.066911 0.076483
0 0.397118 0.763086 0.066911 0.076483
0 0.060908 0.807306 0.107203 0.113047
0 0.060908 0.935769 0.107203 0.113047
0 0.182729 0.807306 0.107203 0.113047
0 0.182729 0.935769 0.107203 0.113047
0 0.304550 0.807306 0.107203 0.113047
0 0.304550 0.935769 0.107203 0.113047
0 0.057068 0.647998 0.075822 0.070388
0 0.057068 0.727984 0.075822 0.070388
0 0.143229 0.647998 0.075822 0.070388
0 0.143229 0.727984 0.075822 0.070388
0 0.229391 0.647998 0.075822 0.070388
0 0.229391 0.727984 0.075822 0.070388
