0 0.287571 0.591454 0.070521 0.076593
0 0.287571 0.678491 0.070521 0.076593
0 0.367708 0.591454 0.070521 0.076593
0 0.367708 0.678491 0.070521 0.076593
0 0.447845 0.591454 0.070521 0.076593
0 0.447845 0.678491 0.070521 0.076593
0 0.379788 0.516576 0.045057 0.039580
0 0.379788 0.561553 0.045057 0.039580
0 0.430990 0.516576 0.045057 0.039580
0 0.430990 0.561553 0.045057 0.039580
0 0.482191 0.516576 0.045057 0.039580
0 0.482191 0.561553 0.045057 0.039580
0 0.252958 0.497757 0.047098 0.032124
0 0.252958 0.534262 0.047098 0.032124
0 0.306479 0.497757 0.047098 0.032124
0 0.306479 0.534262 0.047098 0.032124
0 0.360000 0.497757 0.047098 0.032124
0 0.360000 0.534262 0.047098 0.032124
0 0.107054 0.549706 0.077668 0.051460
0 0.107054 0.608183 0.077668 0.051460
0 0.195313 0.549706 0.077668 0.051460
0 0.195313 0.608183 0.077668 0.051460
0 0.283571 0.549706 0.077668 0.051460
0 0.283571 0.608183 0.077668 0.051460
