0 0.381247 0.741900 0.088915 0.151421
0 0.381247 0.913970 0.088915 0.151421
0 0.482286 0.741900 0.088915 0.151421
0 0.482286 0.913970 0.088915 0.151421
0 0.583326 0.741900 0.088915 0.151421
0 0.583326 0.913970 0.088915 0.151421
0 0.292505 0.618106 0.063342 0.116885
0 0.292505 0.750931 0.063342 0.116885
0 0.364484 0.618106 0.063342 0.116885
0 0.364484 0.750931 0.063342 0.116885
0 0.436464 0.618106 0.063342 0.116885
0 0.436464 0.750931 0.063342 0.116885
0 0.246064 0.526125 0.050365 0.064981
0 0.246064 0.599968 0.050365 0.064981
0 0.303297 0.526125 0.050365 0.064981
0 0.303297 0.599968 0.050365 0.064981
0 0.360530 0.526125 0.050365 0.064981
0 0.360530 0.599968 0.050365 0.064981
0 0.541470 0.600757 0.070696 0.094490
0 0.541470 0.708132 0.070696 0.094490
0 0.621807 0.600757 0.070696 0.094490
0 0.621807 0.708132 0.070696 0.094490
0 0.702144 0.600757 0.070696 0.094490
0 0.702144 0.708132 0.070696 0.094490
0 0.440205 0.516472 0.052890 0.072453
0 0.440205 0.598806 0.052890 0.072453
0 0.500307 0.516472 0.052890 0.072453
0 0.500307 0.598806 0.052890 0.072453
0 0.560410 0.516472 0.052890 0.072453
0 0.560410 0.598806 0.052890 0.072453
0 0.382273 0.467299 0.040295 0.047011
0 0.382273 0.520720 0.040295 0.047011
0 0.428063 0.467299 0.040295 0.047011
0 0.428063 0.520720 0.040295 0.047011
0 0.473852 0.467299 0.040295 0.047011
0 0.473852 0.520720 0.040295 0.047011
0 0.648814 0.510882 0.053376 0.074829
0 0.648814 0.595914 0.053376 0.074829
0 0.709469 0.510882 0.053376 0.074829
0 0.709469 0.595914 0.053376 0.074829
0 0.770123 0.510882 0.053376 0.074829
0 0.770123 0.595914 0.053376 0.074829
0 0.542995 0.449546 0.043588 0.056516
0 0.542995 0.513769 0.043588 0.056516
0 0.592526 0.449546 0.043588 0.056516
0 0.592526 0.513769 0.043588 0.056516
0 0.642057 0.449546 0.043588 0.056516
0 0.642057 0.513769 0.043588 0.056516
0 0.478403 0.427949 0.034557 0.034801
0 0.478403 0.467495 0.034557 0.034801
0 0.517672 0.427949 0.034557 0.034801
0 0.517672 0.467495 0.034557 0.034801
0 0.556941 0.427949 0.034557 0.034801
0 0.556941 0.467495 0.034557 0.034801
