0 0.037491 0.498146 0.065985 0.072066
0 0.037491 0.580039 0.065985 0.072066
0 0.112474 0.498146 0.065985 0.072066
0 0.112474 0.580039 0.065985 0.072066
0 0.187457 0.498146 0.065985 0.072066
0 0.187457 0.580039 0.065985 0.072066
0 0.114578 0.599949 0.103354 0.109259
0 0.114578 0.724106 0.103354 0.109259
0 0.232026 0.599949 0.103354 0.109259
0 0.232026 0.724106 0.103354 0.109259
0 0.349474 0.599949 0.103354 0.109259
0 0.349474 0.724106 0.103354 0.109259
0 0.299285 0.528926 0.058489 0.064110
0 0.299285 0.601778 0.058489 0.064110
0 0.365750 0.528926 0.058489 0.064110
0 0.365750 0.601778 0.058489 0.064110
0 0.432215 0.528926 0.058489 0.064110
0 0.432215 0.601778 0.058489 0.064110
0 0.153026 0.450866 0.065074 0.043861
0 0.153026 0.500708 0.065074 0.043861
0 0.226974 0.450866 0.065074 0.043861
0 0.226974 0.500708 0.065074 0.043861
0 0.300922 0.450866 0.065074 0.043861
0 0.300922 0.500708 0.065074 0.043861
0 0.266434 0.432600 0.043792 0.037323
0 0.266434 0.475012 0.043792 0.037323
0 0.316198 0.432600 0.043792 0.037323
0 0.316198 0.475012 0.043792 0.037323
0 0.365962 0.432600 0.043792 0.037323
0 0.365962 0.475012 0.043792 0.037323
0 0.378373 0.496225 0.040738 0.037999
0 0.378373 0.539405 0.040738 0.037999
0 0.424667 0.496225 0.040738 0.037999
0 0.424667 0.539405 0.040738 0.037999
0 0.470960 0.496225 0.040738 0.037999
0 0.470960 0.539405 0.040738 0.037999
0 0.037304 0.389748 0.065655 0.038219
0 0.037304 0.433178 0.065655 0.038219
0 0.111911 0.389748 0.065655 0.038219
0 0.111911 0.433178 0.065655 0.038219
0 0.186519 0.389748 0.065655 0.038219
0 0.186519 0.433178 0.065655 0.038219
