0 0.607875 0.437016 0.059235 0.054825
0 0.607875 0.499317 0.059235 0.054825
0 0.675187 0.437016 0.059235 0.054825
0 0.675187 0.499317 0.059235 0.054825
0 0.742500 0.437016 0.059235 0.054825
0 0.742500 0.499317 0.059235 0.054825
0 0.757026 0.499118 0.065074 0.066346
0 0.757026 0.574512 0.065074 0.066346
0 0.830974 0.499118 0.065074 0.066346
0 0.830974 0.574512 0.065074 0.066346
0 0.904922 0.499118 0.065074 0.066346
0 0.904922 0.574512 0.065074 0.066346
0 0.505455 0.377419 0.048554 0.043637
0 0.505455 0.427007 0.048554 0.043637
0 0.560630 0.377419 0.048554 0.043637
0 0.560630 0.427007 0.048554 0.043637
0 0.615806 0.377419 0.048554 0.043637
0 0.615806 0.427007 0.048554 0.043637
0 0.831458 0.430648 0.056283 0.047699
0 0.831458 0.484852 0.056283 0.047699
0 0.895417 0.430648 0.056283 0.047699
0 0.895417 0.484852 0.056283 0.047699
0 0.959375 0.430648 0.056283 0.047699
0 0.959375 0.484852 0.056283 0.047699
0 0.697134 0.378773 0.051335 0.041939
0 0.697134 0.426431 0.051335 0.041939
0 0.755469 0.378773 0.051335 0.041939
0 0.755469 0.426431 0.051335 0.041939
0 0.813804 0.378773 0.051335 0.041939
0 0.813804 0.426431 0.051335 0.041939
0 0.594132 0.334213 0.044218 0.032788
0 0.594132 0.371472 0.044218 0.032788
0 0.644380 0.334213 0.044218 0.032788
0 0.644380 0.371472 0.044218 0.032788
0 0.694628 0.334213 0.044218 0.032788
0 0.694628 0.371472 0.044218 0.032788
0 0.762891 0.332870 0.045600 0.034483
0 0.762891 0.372056 0.045600 0.034483
0 0.814708 0.332870 0.045600 0.034483
0 0.814708 0.372056 0.045600 0.034483
0 0.866526 0.332870 0.045600 0.034483
0 0.866526 0.372056 0.045600 0.034483
0 0.662420 0.290627 0.040647 0.029403
0 0.662420 0.324039 0.040647 0.029403
0 0.708609 0.290627 0.040647 0.029403
0 0.708609 0.324039 0.040647 0.029403
0 0.754799 0.290627 0.040647 0.029403
0 0.754799 0.324039 0.040647 0.029403
0 0.890408 0.366806 0.038576 0.045336
0 0.890408 0.418324 0.038576 0.045336
0 0.934245 0.366806 0.038576 0.045336
0 0.934245 0.418324 0.038576 0.045336
0 0.978082 0.366806 0.038576 0.045336
0 0.978082 0.418324 0.038576 0.045336
