0 0.193111 0.135155 0.068316 0.046512
0 0.193111 0.188009 0.068316 0.046512
0 0.270743 0.135155 0.068316 0.046512
0 0.270743 0.188009 0.068316 0.046512
0 0.348375 0.135155 0.068316 0.046512
0 0.348375 0.188009 0.068316 0.046512
0 0.300360 0.252538 0.085815 0.077401
0 0.300360 0.340494 0.085815 0.077401
0 0.397877 0.252538 0.085815 0.077401
0 0.397877 0.340494 0.085815 0.077401
0 0.495394 0.252538 0.085815 0.077401
0 0.495394 0.340494 0.085815 0.077401
0 0.064657 0.269965 0.104557 0.132917
0 0.064657 0.421007 0.104557 0.132917
0 0.183472 0.269965 0.104557 0.132917
0 0.183472 0.421007 0.104557 0.132917
0 0.302287 0.269965 0.104557 0.132917
0 0.302287 0.421007 0.104557 0.132917
0 0.353267 0.172996 0.046962 0.024883
0 0.353267 0.201272 0.046962 0.024883
0 0.406632 0.172996 0.046962 0.024883
0 0.406632 0.201272 0.046962 0.024883
0 0.459998 0.172996 0.046962 0.024883
0 0.459998 0.201272 0.046962 0.024883
