0 0.045997 0.478579 0.080958 0.069137
0 0.045997 0.557144 0.080958 0.069137
0 0.137995 0.478579 0.080958 0.069137
0 0.137995 0.557144 0.080958 0.069137
0 0.229993 0.478579 0.080958 0.069137
0 0.229993 0.557144 0.080958 0.069137
0 0.214438 0.569720 0.074695 0.106468
0 0.214438 0.690706 0.074695 0.106468
0 0.299318 0.569720 0.074695 0.106468
0 0.299318 0.690706 0.074695 0.106468
0 0.384198 0.569720 0.074695 0.106468
0 0.384198 0.690706 0.074695 0.106468
0 0.056276 0.709688 0.094531 0.167196
0 0.056276 0.899683 0.094531 0.167196
0 0.163698 0.709688 0.094531 0.167196
0 0.163698 0.899683 0.094531 0.167196
0 0.271120 0.709688 0.094531 0.167196
0 0.271120 0.899683 0.094531 0.167196
0 0.018918 0.551921 0.033292 0.079730
0 0.018918 0.642523 0.033292 0.079730
0 0.056750 0.551921 0.033292 0.079730
0 0.056750 0.642523 0.033292 0.079730
0 0.094582 0.551921 0.033292 0.079730
0 0.094582 0.642523 0.033292 0.079730
0 0.028219 0.381532 0.049665 0.056100
0 0.028219 0.445282 0.049665 0.056100
0 0.084656 0.381532 0.049665 0.056100
0 0.084656 0.445282 0.049665 0.056100
0 0.141094 0.381532 0.049665 0.056100
0 0.141094 0.445282 0.049665 0.056100
