0 0.242719791015625 0.615387962890625 0.444739583984375 0.754258333984375 0.57454375 0.634917591796875 0.369393228515625 0.531488888671875 0.242719791015625 0.615387962890625
1 0.6980734375 0.508653703125 0.6960015625 0.491710185546875 0.690613541015625 0.4769768515625 0.685640103515625 0.4548768515625 0.672460416015625 0.46019537109375 0.674864583984375 0.484343517578125 0.678180208984375 0.49097407421875 0.563378646484375 0.585267591796875 0.56255 0.615471296875 0.580371353515625 0.62062777734375 0.5812 0.604421296875 0.690613541015625 0.5064444453125 0.6980734375 0.508653703125
1 0.377707291015625 0.524861111328125 0.377707291015625 0.51012777734375 0.497067708984375 0.43572407421875 0.501742708984375 0.4396194453125 0.503284375 0.42762037109375 0.4929234375 0.4232 0.361958333984375 0.498340740234375 0.350354166015625 0.4880268515625 0.3445515625 0.499813888671875 0.349939583984375 0.51307407421875 0.377707291015625 0.524861111328125
1 0.5559359375 0.439431482421875 0.638825 0.38712777734375 0.656646353515625 0.393021296875 0.6637796875 0.386121296875 0.656231771484375 0.376814814453125 0.6491859375 0.379761111328125 0.636338021484375 0.3731305546875 0.541015625 0.437221296875 0.541430208984375 0.452690740234375 0.552205728515625 0.452690740234375 0.5559359375 0.439431482421875
1 0.408393228515625 0.39007407421875 0.488795833984375 0.34734722265625 0.5004 0.3510305546875 0.511580728515625 0.34599722265625 0.505788021484375 0.337771296875 0.498328125 0.340717591796875 0.48838125 0.33629722265625 0.391401041015625 0.379761111328125 0.388085416015625 0.393757408203125 0.407978646484375 0.39965092578125 0.408393228515625 0.39007407421875
1 0.630950521484375 0.37460462890625 0.6251484375 0.36502777734375 0.602768228515625 0.357661111328125 0.609399478515625 0.337034259765625 0.606497916015625 0.30462037109375 0.5323125 0.28767777734375 0.526924478515625 0.239793517578125 0.505788021484375 0.239057408203125 0.5075296875 0.254434259765625 0.520293228515625 0.25894722265625 0.522780208984375 0.307567591796875 0.5965515625 0.323037037109375 0.598623958984375 0.332613888671875 0.587433853515625 0.359871296875 0.590334896484375 0.376814814453125 0.624319271484375 0.3834444453125 0.630950521484375 0.37460462890625
0 0.233604166015625 0.614137037109375 0.364589583984375 0.532212037109375 0.22886875 0.4587 0.106193228515625 0.516160185546875 0.233604166015625 0.614137037109375
0 0.411464583984375 0.50957777734375 0.613263541015625 0.5993518515625 0.6998828125 0.518318517578125 0.508408853515625 0.446125 0.411464583984375 0.50957777734375
0 0.404797916015625 0.506531482421875 0.501742708984375 0.4427055546875 0.359622916015625 0.391611111328125 0.2667875 0.440231482421875 0.404797916015625 0.506531482421875
0 0.5387796875 0.432417591796875 0.728065103515625 0.496218517578125 0.786502083984375 0.435075 0.609947916015625 0.382035185546875 0.5387796875 0.432417591796875
0 0.533571353515625 0.4283018515625 0.604145833984375 0.382771296875 0.470280208984375 0.340781482421875 0.386147916015625 0.384981482421875 0.533571353515625 0.4283018515625
1 0.76013125 0.4206981484375 0.771321353515625 0.422171296875 0.768005728515625 0.413331482421875 0.780024478515625 0.380181482421875 0.7804390625 0.33745462890625 0.776294271484375 0.3241944453125 0.7791953125 0.3101981484375 0.791672916015625 0.30587407421875 0.788313541015625 0.290307408203125 0.763446875 0.289571296875 0.762617708984375 0.335981482421875 0.76551875 0.347031482421875 0.764275521484375 0.38312777734375 0.755986458984375 0.402281482421875 0.76013125 0.4206981484375
