0 0.040311 0.399000 0.070947 0.063719
0 0.040311 0.471407 0.070947 0.063719
0 0.120932 0.399000 0.070947 0.063719
0 0.120932 0.471407 0.070947 0.063719
0 0.201554 0.399000 0.070947 0.063719
0 0.201554 0.471407 0.070947 0.063719
0 0.176863 0.373090 0.060300 0.044232
0 0.176863 0.423354 0.060300 0.044232
0 0.245385 0.373090 0.060300 0.044232
0 0.245385 0.423354 0.060300 0.044232
0 0.313908 0.373090 0.060300 0.044232
0 0.313908 0.423354 0.060300 0.044232
0 0.045734 0.622773 0.074479 0.167387
0 0.045734 0.812986 0.074479 0.167387
0 0.130370 0.622773 0.074479 0.167387
0 0.130370 0.812986 0.074479 0.167387
0 0.215005 0.622773 0.074479 0.167387
0 0.215005 0.812986 0.074479 0.167387
0 0.310095 0.455002 0.051240 0.064692
0 0.310095 0.528516 0.051240 0.064692
0 0.368323 0.455002 0.051240 0.064692
0 0.368323 0.528516 0.051240 0.064692
0 0.426550 0.455002 0.051240 0.064692
0 0.426550 0.528516 0.051240 0.064692
0 0.019009 0.314391 0.033455 0.039743
0 0.019009 0.359553 0.033455 0.039743
0 0.057026 0.314391 0.033455 0.039743
0 0.057026 0.359553 0.033455 0.039743
0 0.095043 0.314391 0.033455 0.039743
0 0.095043 0.359553 0.033455 0.039743
0 0.068733 0.309438 0.060144 0.032556
0 0.068733 0.346433 0.060144 0.032556
0 0.137078 0.309438 0.060144 0.032556
0 0.137078 0.346433 0.060144 0.032556
0 0.205424 0.309438 0.060144 0.032556
0 0.205424 0.346433 0.060144 0.032556
0 0.162153 0.522822 0.081426 0.108065
0 0.162153 0.645623 0.081426 0.108065
0 0.254682 0.522822 0.081426 0.108065
0 0.254682 0.645623 0.081426 0.108065
0 0.347212 0.522822 0.081426 0.108065
0 0.347212 0.645623 0.081426 0.108065
