0 0.201840 0.527083 0.077906 0.074637
0 0.201840 0.611898 0.077906 0.074637
0 0.290370 0.527083 0.077906 0.074637
0 0.290370 0.611898 0.077906 0.074637
0 0.378899 0.527083 0.077906 0.074637
0 0.378899 0.611898 0.077906 0.074637
0 0.359943 0.506208 0.050417 0.066220
0 0.359943 0.581458 0.050417 0.066220
0 0.417234 0.506208 0.050417 0.066220
0 0.417234 0.581458 0.050417 0.066220
0 0.474526 0.506208 0.050417 0.066220
0 0.474526 0.581458 0.050417 0.066220
0 0.104113 0.357435 0.070589 0.063751
0 0.104113 0.429880 0.070589 0.063751
0 0.184328 0.357435 0.070589 0.063751
0 0.184328 0.429880 0.070589 0.063751
0 0.264543 0.357435 0.070589 0.063751
0 0.264543 0.429880 0.070589 0.063751
0 0.269750 0.417685 0.046576 0.041018
0 0.269750 0.464296 0.046576 0.041018
0 0.322677 0.417685 0.046576 0.041018
0 0.322677 0.464296 0.046576 0.041018
0 0.375604 0.417685 0.046576 0.041018
0 0.375604 0.464296 0.046576 0.041018
0 0.192955 0.336384 0.044429 0.038516
0 0.192955 0.380153 0.044429 0.038516
0 0.243443 0.336384 0.044429 0.038516
0 0.243443 0.380153 0.044429 0.038516
0 0.293931 0.336384 0.044429 0.038516
0 0.293931 0.380153 0.044429 0.038516
0 0.443457 0.490613 0.037984 0.047304
0 0.443457 0.544368 0.037984 0.047304
0 0.486620 0.490613 0.037984 0.047304
0 0.486620 0.544368 0.037984 0.047304
0 0.529783 0.490613 0.037984 0.047304
0 0.529783 0.544368 0.037984 0.047304
0 0.359554 0.424264 0.034690 0.024241
0 0.359554 0.451810 0.034690 0.024241
0 0.398974 0.424264 0.034690 0.024241
0 0.398974 0.451810 0.034690 0.024241
0 0.438394 0.424264 0.034690 0.024241
0 0.438394 0.451810 0.034690 0.024241
0 0.035278 0.302745 0.062089 0.046664
0 0.035278 0.355773 0.062089 0.046664
0 0.105833 0.302745 0.062089 0.046664
0 0.105833 0.355773 0.062089 0.046664
0 0.176389 0.302745 0.062089 0.046664
0 0.176389 0.355773 0.062089 0.046664
0 0.290550 0.364856 0.032406 0.025610
0 0.290550 0.393958 0.032406 0.025610
0 0.327375 0.364856 0.032406 0.025610
0 0.327375 0.393958 0.032406 0.025610
0 0.364200 0.364856 0.032406 0.025610
0 0.364200 0.393958 0.032406 0.025610
