0 0.708587 0.606549 0.055442 0.039498
0 0.708587 0.651433 0.055442 0.039498
0 0.771589 0.606549 0.055442 0.039498
0 0.771589 0.651433 0.055442 0.039498
0 0.834590 0.606549 0.055442 0.039498
0 0.834590 0.651433 0.055442 0.039498
0 0.804688 0.692185 0.068750 0.059840
0 0.804688 0.760185 0.068750 0.059840
0 0.882812 0.692185 0.068750 0.059840
0 0.882812 0.760185 0.068750 0.059840
0 0.960938 0.692185 0.068750 0.059840
0 0.960938 0.760185 0.068750 0.059840
0 0.821281 0.603271 0.061284 0.037803
0 0.821281 0.646229 0.061284 0.037803
0 0.890922 0.603271 0.061284 0.037803
0 0.890922 0.646229 0.061284 0.037803
0 0.960562 0.603271 0.061284 0.037803
0 0.960562 0.646229 0.061284 0.037803
