0 0.056036 0.776623 0.094041 0.131051
0 0.056036 0.925544 0.094041 0.131051
0 0.162901 0.776623 0.094041 0.131051
0 0.162901 0.925544 0.094041 0.131051
0 0.269766 0.776623 0.094041 0.131051
0 0.269766 0.925544 0.094041 0.131051
0 0.210260 0.630273 0.058387 0.052743
0 0.210260 0.690208 0.058387 0.052743
0 0.276609 0.630273 0.058387 0.052743
0 0.276609 0.690208 0.058387 0.052743
0 0.342958 0.630273 0.058387 0.052743
0 0.342958 0.690208 0.058387 0.052743
0 0.372075 0.664988 0.033805 0.048665
0 0.372075 0.720289 0.033805 0.048665
0 0.410490 0.664988 0.033805 0.048665
0 0.410490 0.720289 0.033805 0.048665
0 0.448905 0.664988 0.033805 0.048665
0 0.448905 0.720289 0.033805 0.048665
0 0.039691 0.581674 0.069861 0.048681
0 0.039691 0.636993 0.069861 0.048681
0 0.119078 0.581674 0.069861 0.048681
0 0.119078 0.636993 0.069861 0.048681
0 0.198465 0.581674 0.069861 0.048681
0 0.198465 0.636993 0.069861 0.048681
0 0.165271 0.535387 0.047955 0.032401
0 0.165271 0.572206 0.047955 0.032401
0 0.219766 0.535387 0.047955 0.032401
0 0.219766 0.572206 0.047955 0.032401
0 0.274260 0.535387 0.047955 0.032401
0 0.274260 0.572206 0.047955 0.032401
0 0.283679 0.570486 0.043233 0.028999
0 0.283679 0.603440 0.043233 0.028999
0 0.332807 0.570486 0.043233 0.028999
0 0.332807 0.603440 0.043233 0.028999
0 0.381936 0.570486 0.043233 0.028999
0 0.381936 0.603440 0.043233 0.028999
0 0.406939 0.590549 0.035583 0.039857
0 0.406939 0.635840 0.035583 0.039857
0 0.447375 0.590549 0.035583 0.039857
0 0.447375 0.635840 0.035583 0.039857
0 0.487811 0.590549 0.035583 0.039857
0 0.487811 0.635840 0.035583 0.039857
