0 0.221042 0.737711 0.075057 0.091068
0 0.221042 0.841197 0.075057 0.091068
0 0.306333 0.737711 0.075057 0.091068
0 0.306333 0.841197 0.075057 0.091068
0 0.391625 0.737711 0.075057 0.091068
0 0.391625 0.841197 0.075057 0.091068
0 0.210101 0.869831 0.102427 0.076369
0 0.210101 0.956613 0.102427 0.076369
0 0.326495 0.869831 0.102427 0.076369
0 0.326495 0.956613 0.102427 0.076369
0 0.442889 0.869831 0.102427 0.076369
0 0.442889 0.956613 0.102427 0.076369
0 0.034488 0.775694 0.056115 0.096833
0 0.034488 0.885731 0.056115 0.096833
0 0.098255 0.775694 0.056115 0.096833
0 0.098255 0.885731 0.056115 0.096833
0 0.162023 0.775694 0.056115 0.096833
0 0.162023 0.885731 0.056115 0.096833
