0 0.265589 0.773000 0.098473 0.092074
0 0.265589 0.877630 0.098473 0.092074
0 0.377490 0.773000 0.098473 0.092074
0 0.377490 0.877630 0.098473 0.092074
0 0.489391 0.773000 0.098473 0.092074
0 0.489391 0.877630 0.098473 0.092074
0 0.079830 0.898150 0.119876 0.059754
0 0.079830 0.966053 0.119876 0.059754
0 0.216052 0.898150 0.119876 0.059754
0 0.216052 0.966053 0.119876 0.059754
0 0.352274 0.898150 0.119876 0.059754
0 0.352274 0.966053 0.119876 0.059754
0 0.558391 0.842595 0.105059 0.092347
0 0.558391 0.947535 0.105059 0.092347
0 0.677776 0.842595 0.105059 0.092347
0 0.677776 0.947535 0.105059 0.092347
0 0.797161 0.842595 0.105059 0.092347
0 0.797161 0.947535 0.105059 0.092347
0 0.636950 0.737317 0.078323 0.082243
0 0.636950 0.830775 0.078323 0.082243
0 0.725953 0.737317 0.078323 0.082243
0 0.725953 0.830775 0.078323 0.082243
0 0.814957 0.737317 0.078323 0.082243
0 0.814957 0.830775 0.078323 0.082243
0 0.398901 0.676373 0.074149 0.064611
0 0.398901 0.749794 0.074149 0.064611
0 0.483161 0.676373 0.074149 0.064611
0 0.483161 0.749794 0.074149 0.064611
0 0.567422 0.676373 0.074149 0.064611
0 0.567422 0.749794 0.074149 0.064611
0 0.888238 0.804632 0.039340 0.074421
0 0.888238 0.889201 0.039340 0.074421
0 0.932943 0.804632 0.039340 0.074421
0 0.932943 0.889201 0.039340 0.074421
0 0.977648 0.804632 0.039340 0.074421
0 0.977648 0.889201 0.039340 0.074421
