1 0.41405264453125 0.745690916015625 0.40023109375 0.731325814453125 0.389709248046875 0.73896823046875 0.389108021484375 0.754081177734375 0.3396055078125 0.68478851953125 0.322460880859375 0.690113025390625 0.33439235546875 0.70809183984375 0.339868361328125 0.7060663984375 0.35154461328125 0.734737404296875 0.37083808984375 0.765674755859375 0.3918844609375 0.784100759765625 0.417352353515625 0.767698431640625 0.41405264453125 0.745690916015625
1 0.45623082421875 0.497760998046875 0.44754119921875 0.502647095703125 0.26837530078125 0.60496325 0.26853410546875 0.62193687890625 0.2818584375 0.63632776171875 0.292982818359375 0.6304273203125 0.290442375 0.612815958984375 0.46021108203125 0.514410595703125 0.467749853515625 0.523778841796875 0.4731161484375 0.52172637890625 0.45623082421875 0.497760998046875
1 0.1904189765625 0.515979359375 0.191465015625 0.4999562421875 0.33979794140625 0.43548722265625 0.34893375 0.4465468671875 0.352100353515625 0.4410590546875 0.336760275390625 0.41790164453125 0.1726792109375 0.494700763671875 0.183613421875 0.5189935546875 0.1904189765625 0.515979359375
1 0.75179625 0.493952876953125 0.722505068359375 0.47950280078125 0.58655525 0.57615459375 0.58409687109375 0.6020100859375 0.602296029296875 0.621101119140625 0.612446015625 0.61739611328125 0.610167615234375 0.604206689453125 0.601973841796875 0.59221109375 0.7326621796875 0.4993805390625 0.74598651171875 0.513771419921875 0.751954845703125 0.513461951171875 0.75179625 0.493952876953125
1 0.426432587890625 0.47533741015625 0.424994140625 0.4931550859375 0.43517730078125 0.50504653515625 0.445516373046875 0.5027362265625 0.44274074609375 0.4895725859375 0.436510927734375 0.485460087890625 0.563798296875 0.4194210078125 0.578195525390625 0.426658427734375 0.5811001484375 0.4167496640625 0.555394890625 0.403887861328125 0.426432587890625 0.47533741015625
1 0.702317455078125 0.363427943359375 0.68865394140625 0.368571947265625 0.588867359375 0.429756576171875 0.605656267578125 0.441186564453125 0.6085614453125 0.4312777734375 0.7056427109375 0.37745019140625 0.717736046875 0.379484443359375 0.728572341796875 0.377148353515625 0.7260593125 0.368406619140625 0.716347828125 0.36447465234375 0.702317455078125 0.363427943359375
1 0.462144513671875 0.371900783203125 0.472769291015625 0.382028826171875 0.4819566953125 0.37711691796875 0.48109255859375 0.370951 0.574039080078125 0.33153248046875 0.588776365234375 0.3360919453125 0.6007124765625 0.33547303515625 0.594350921875 0.32072112109375 0.567782341796875 0.31854933984375 0.462144513671875 0.371900783203125
1 0.604976712890625 0.297990552734375 0.669396232421875 0.315941787109375 0.670025189453125 0.326555423828125 0.660131744140625 0.344811505859375 0.665316080078125 0.364947087890625 0.691596513671875 0.37068223046875 0.70481521484375 0.36644839453125 0.69761588671875 0.354401236328125 0.674004892578125 0.34320505078125 0.682798521484375 0.323231787109375 0.677927265625 0.2915466171875 0.61206848828125 0.27455711328125 0.612013896484375 0.239960875 0.594998267578125 0.222212974609375 0.591776890625 0.24375973046875 0.597513162109375 0.2478096015625 0.604976712890625 0.297990552734375
1 0.82420207421875 0.369129015625 0.813576224609375 0.391858595703125 0.815880990234375 0.413918693359375 0.833864146484375 0.422744384765625 0.83883666796875 0.405630568359375 0.83006721875 0.400762650390625 0.838206400390625 0.3781620078125 0.8370780390625 0.33386230078125 0.831710931640625 0.31905882421875 0.832364564453125 0.30483026171875 0.8478341953125 0.30491523828125 0.848932701171875 0.28977749609375 0.823410974609375 0.2884385390625 0.81783697265625 0.3038093359375 0.82420207421875 0.369129015625
1 0.6948640046296297 0.2539207175925926 0.0585575810185186 0.05171440972222219
