0 0.216549 0.820456 0.071751 0.083237
0 0.216549 0.915044 0.071751 0.083237
0 0.298083 0.820456 0.071751 0.083237
0 0.298083 0.915044 0.071751 0.083237
0 0.379618 0.820456 0.071751 0.083237
0 0.379618 0.915044 0.071751 0.083237
0 0.026099 0.839148 0.045934 0.090363
0 0.026099 0.941833 0.045934 0.090363
0 0.078297 0.839148 0.045934 0.090363
0 0.078297 0.941833 0.045934 0.090363
0 0.130495 0.839148 0.045934 0.090363
0 0.130495 0.941833 0.045934 0.090363
0 0.224142 0.956025 0.078241 0.025801
0 0.224142 0.985345 0.078241 0.025801
0 0.313052 0.956025 0.078241 0.025801
0 0.313052 0.985345 0.078241 0.025801
0 0.401962 0.956025 0.078241 0.025801
0 0.401962 0.985345 0.078241 0.025801
