1 0.558787611328125 0.318392640625 0.559564896484375 0.322073431640625 0.559024298828125 0.335302560546875 0.56611442578125 0.3381256640625 0.565445345703125 0.387268236328125 0.628104697265625 0.412636525390625 0.6277068828125 0.423377525390625 0.619171265625 0.444059154296875 0.6187355625 0.455823154296875 0.64332106640625 0.4680011640625 0.652150787109375 0.46269447265625 0.652128892578125 0.455523841796875 0.62949780859375 0.444954322265625 0.6388390078125 0.425837630859375 0.638788236328125 0.39613105859375 0.57386789453125 0.369654626953125 0.5764001484375 0.33236119921875 0.57212736328125 0.331178544921875 0.57189360546875 0.3219512578125 0.558787611328125 0.318392640625
1 0.80812334765625 0.40280528125 0.7957934765625 0.398872859375 0.7930364765625 0.4033800625 0.78640796484375 0.403647263671875 0.77763802734375 0.4151015859375 0.781039443359375 0.4398112421875 0.7798145703125 0.48842152734375 0.766014107421875 0.5191521953125 0.771976689453125 0.529103361328125 0.78538925390625 0.5321616328125 0.788392509765625 0.5210054296875 0.7778919921875 0.517030609375 0.792671375 0.49094651171875 0.79466334375 0.44492514453125 0.79186199609375 0.4350910625 0.7926007734375 0.4151440625 0.808637779296875 0.41727412890625 0.80812334765625 0.40280528125
1 0.541778779296875 0.512895990234375 0.534252984375 0.521835884765625 0.541883435546875 0.5333859296875 0.5567514765625 0.535985404296875 0.558412396484375 0.5222179765625 0.657385796875 0.476204603515625 0.671221560546875 0.48337516015625 0.682341244140625 0.478971404296875 0.674452150390625 0.46608095703125 0.666809197265625 0.47040719921875 0.653510826171875 0.46428094921875 0.54599475 0.51561264453125 0.541778779296875 0.512895990234375
1 0.51218341015625 0.50672291015625 0.524736580078125 0.517430875 0.52780682421875 0.506865958984375 0.5077520859375 0.49426694921875 0.368820115234375 0.554677123046875 0.36708634765625 0.57817318359375 0.376917478515625 0.58468271875 0.383622294921875 0.582370537109375 0.38375139453125 0.571107884765625 0.377962822265625 0.56423537109375 0.51218341015625 0.50672291015625
1 0.69280566796875 0.616356642578125 0.693067359375 0.601513990234375 0.665184533203125 0.585116244140625 0.5213386328125 0.669416396484375 0.52061878125 0.688852396484375 0.515218451171875 0.694797802734375 0.53450238671875 0.718046892578125 0.541913951171875 0.7121759765625 0.542492376953125 0.6962395390625 0.53316608984375 0.684195095703125 0.6729126171875 0.601791921875 0.674984197265625 0.608014064453125 0.688956044921875 0.619287275390625 0.69280566796875 0.616356642578125
1 0.553361525390625 0.416473306640625 0.5463661015625 0.411093203125 0.537937689453125 0.413341546875 0.53034862109375 0.40845115625 0.41251040234375 0.451812154296875 0.426818287109375 0.460953873046875 0.432029208984375 0.460122466796875 0.433269861328125 0.44992538671875 0.530525560546875 0.41921244140625 0.541045041015625 0.42267526171875 0.550873205078125 0.4215031640625 0.553361525390625 0.416473306640625
1 0.195454630859375 0.667273216796875 0.195423201171875 0.683660501953125 0.20895585546875 0.69901505859375 0.21832240234375 0.694752654296875 0.21965542578125 0.6743149609375 0.400441203125 0.59496786328125 0.403798306640625 0.605335232421875 0.409816759765625 0.60048719140625 0.39552986328125 0.5799336171875 0.210032103515625 0.66217940625 0.208425103515625 0.666729201171875 0.20564565234375 0.664065751953125 0.195454630859375 0.667273216796875
1 0.1108772421875 0.549928265625 0.112456830078125 0.5694494296875 0.1206453515625 0.5747565625 0.127286982421875 0.573071904296875 0.127836353515625 0.558238904296875 0.287614943359375 0.50218573828125 0.290510994140625 0.509462822265625 0.2954153125 0.50913276171875 0.291654009765625 0.494140107421875 0.283433369140625 0.490763431640625 0.1108772421875 0.549928265625
0 0.3576170625 0.81719637890625 0.516975078125 0.718105703125 0.36411393359375 0.589013095703125 0.221156087890625 0.64929018359375 0.3576170625 0.81719637890625
0 0.259007998046875 0.498564712890625 0.135663849609375 0.542140361328125 0.217275427734375 0.64557055859375 0.358497400390625 0.586244568359375 0.259007998046875 0.498564712890625
0 0.563017921875 0.68754479296875 0.675008732421875 0.616404466796875 0.51693353125 0.5198976484375 0.407770685546875 0.568939298828125 0.563017921875 0.68754479296875
0 0.3968083828125 0.449978884765625 0.29852040234375 0.48526291015625 0.402232041015625 0.566589224609375 0.510830943359375 0.518222640625 0.3968083828125 0.449978884765625
0 0.79064321484375 0.543155015625 0.633970314453125 0.4687233046875 0.550278734375 0.507698251953125 0.711733310546875 0.599131109375 0.79064321484375 0.543155015625
0 0.515738205078125 0.413128177734375 0.429704861328125 0.44227004296875 0.543937880859375 0.505317466796875 0.62826044921875 0.467487423828125 0.515738205078125 0.413128177734375
