0 0.696561 0.491803 0.059489 0.069769
0 0.696561 0.571086 0.059489 0.069769
0 0.764161 0.491803 0.059489 0.069769
0 0.764161 0.571086 0.059489 0.069769
0 0.831762 0.491803 0.059489 0.069769
0 0.831762 0.571086 0.059489 0.069769
0 0.504443 0.455153 0.060528 0.062309
0 0.504443 0.525958 0.060528 0.062309
0 0.573224 0.455153 0.060528 0.062309
0 0.573224 0.525958 0.060528 0.062309
0 0.642005 0.455153 0.060528 0.062309
0 0.642005 0.525958 0.060528 0.062309
0 0.398477 0.402697 0.041320 0.059608
0 0.398477 0.470433 0.041320 0.059608
0 0.445432 0.402697 0.041320 0.059608
0 0.445432 0.470433 0.041320 0.059608
0 0.492387 0.402697 0.041320 0.059608
0 0.492387 0.470433 0.041320 0.059608
0 0.564267 0.373766 0.048939 0.049431
0 0.564267 0.429937 0.048939 0.049431
0 0.619880 0.373766 0.048939 0.049431
0 0.619880 0.429937 0.048939 0.049431
0 0.675493 0.373766 0.048939 0.049431
0 0.675493 0.429937 0.048939 0.049431
0 0.715800 0.398833 0.052105 0.060964
0 0.715800 0.468111 0.052105 0.060964
0 0.775010 0.398833 0.052105 0.060964
0 0.775010 0.468111 0.052105 0.060964
0 0.834220 0.398833 0.052105 0.060964
0 0.834220 0.468111 0.052105 0.060964
0 0.429076 0.351778 0.047045 0.035184
0 0.429076 0.391759 0.047045 0.035184
0 0.482536 0.351778 0.047045 0.035184
0 0.482536 0.391759 0.047045 0.035184
0 0.535997 0.351778 0.047045 0.035184
0 0.535997 0.391759 0.047045 0.035184
0 0.481519 0.298164 0.040802 0.030446
0 0.481519 0.332762 0.040802 0.030446
0 0.527885 0.298164 0.040802 0.030446
0 0.527885 0.332762 0.040802 0.030446
0 0.574252 0.298164 0.040802 0.030446
0 0.574252 0.332762 0.040802 0.030446
0 0.600939 0.315519 0.042445 0.028404
0 0.600939 0.347796 0.042445 0.028404
0 0.649172 0.315519 0.042445 0.028404
0 0.649172 0.347796 0.042445 0.028404
0 0.697405 0.315519 0.042445 0.028404
0 0.697405 0.347796 0.042445 0.028404
0 0.737793 0.338280 0.044975 0.044012
0 0.737793 0.388294 0.044975 0.044012
0 0.788901 0.338280 0.044975 0.044012
0 0.788901 0.388294 0.044975 0.044012
0 0.840009 0.338280 0.044975 0.044012
0 0.840009 0.388294 0.044975 0.044012
