0 0.497549 0.310447 0.146940 0.239470
0 0.497549 0.582572 0.146940 0.239470
0 0.664526 0.310447 0.146940 0.239470
0 0.664526 0.582572 0.146940 0.239470
0 0.831503 0.310447 0.146940 0.239470
0 0.831503 0.582572 0.146940 0.239470
0 0.684469 0.171597 0.100082 0.125473
0 0.684469 0.314181 0.100082 0.125473
0 0.798198 0.171597 0.100082 0.125473
0 0.798198 0.314181 0.100082 0.125473
0 0.911927 0.171597 0.100082 0.125473
0 0.911927 0.314181 0.100082 0.125473
0 0.774962 0.116838 0.078308 0.053541
0 0.774962 0.177681 0.078308 0.053541
0 0.863948 0.116838 0.078308 0.053541
0 0.863948 0.177681 0.078308 0.053541
0 0.952934 0.116838 0.078308 0.053541
0 0.952934 0.177681 0.078308 0.053541
