0 0.252356 0.497192 0.045401 0.054809
0 0.252356 0.559475 0.045401 0.054809
0 0.303948 0.497192 0.045401 0.054809
0 0.303948 0.559475 0.045401 0.054809
0 0.355540 0.497192 0.045401 0.054809
0 0.355540 0.559475 0.045401 0.054809
0 0.366868 0.450326 0.032277 0.041584
0 0.366868 0.497581 0.032277 0.041584
0 0.403547 0.450326 0.032277 0.041584
0 0.403547 0.497581 0.032277 0.041584
0 0.440226 0.450326 0.032277 0.041584
0 0.440226 0.497581 0.032277 0.041584
0 0.300247 0.575687 0.051758 0.082960
0 0.300247 0.669961 0.051758 0.082960
0 0.359063 0.575687 0.051758 0.082960
0 0.359063 0.669961 0.051758 0.082960
0 0.417878 0.575687 0.051758 0.082960
0 0.417878 0.669961 0.051758 0.082960
0 0.363748 0.666708 0.067280 0.129091
0 0.363748 0.813403 0.067280 0.129091
0 0.440203 0.666708 0.067280 0.129091
0 0.440203 0.813403 0.067280 0.129091
0 0.516658 0.666708 0.067280 0.129091
0 0.516658 0.813403 0.067280 0.129091
0 0.498727 0.568931 0.052756 0.083299
0 0.498727 0.663588 0.052756 0.083299
0 0.558677 0.568931 0.052756 0.083299
0 0.558677 0.663588 0.052756 0.083299
0 0.618627 0.568931 0.052756 0.083299
0 0.618627 0.663588 0.052756 0.083299
0 0.588563 0.491403 0.041291 0.052776
0 0.588563 0.551375 0.041291 0.052776
0 0.635484 0.491403 0.041291 0.052776
0 0.635484 0.551375 0.041291 0.052776
0 0.682406 0.491403 0.041291 0.052776
0 0.682406 0.551375 0.041291 0.052776
0 0.508637 0.443961 0.035826 0.042603
0 0.508637 0.492373 0.035826 0.042603
0 0.549349 0.443961 0.035826 0.042603
0 0.549349 0.492373 0.035826 0.042603
0 0.590061 0.443961 0.035826 0.042603
0 0.590061 0.492373 0.035826 0.042603
0 0.422705 0.492947 0.040419 0.063633
0 0.422705 0.565257 0.040419 0.063633
0 0.468635 0.492947 0.040419 0.063633
0 0.468635 0.565257 0.040419 0.063633
0 0.514566 0.492947 0.040419 0.063633
0 0.514566 0.565257 0.040419 0.063633
0 0.457137 0.420627 0.027686 0.030054
0 0.457137 0.454780 0.027686 0.030054
0 0.488599 0.420627 0.027686 0.030054
0 0.488599 0.454780 0.027686 0.030054
0 0.520061 0.420627 0.027686 0.030054
0 0.520061 0.454780 0.027686 0.030054
