0 0.125814 0.776424 0.083502 0.113149
0 0.125814 0.905002 0.083502 0.113149
0 0.220703 0.776424 0.083502 0.113149
0 0.220703 0.905002 0.083502 0.113149
0 0.315592 0.776424 0.083502 0.113149
0 0.315592 0.905002 0.083502 0.113149
0 0.427531 0.635285 0.039925 0.045308
0 0.427531 0.686771 0.039925 0.045308
0 0.472901 0.635285 0.039925 0.045308
0 0.472901 0.686771 0.039925 0.045308
0 0.518271 0.635285 0.039925 0.045308
0 0.518271 0.686771 0.039925 0.045308
0 0.316083 0.681889 0.055930 0.067173
0 0.316083 0.758222 0.055930 0.067173
0 0.379641 0.681889 0.055930 0.067173
0 0.379641 0.758222 0.055930 0.067173
0 0.443198 0.681889 0.055930 0.067173
0 0.443198 0.758222 0.055930 0.067173
0 0.285479 0.873722 0.074695 0.074050
0 0.285479 0.957870 0.074695 0.074050
0 0.370359 0.873722 0.074695 0.074050
0 0.370359 0.957870 0.074695 0.074050
0 0.455240 0.873722 0.074695 0.074050
0 0.455240 0.957870 0.074695 0.074050
0 0.528035 0.696398 0.045798 0.063784
0 0.528035 0.768880 0.045798 0.063784
0 0.580078 0.696398 0.045798 0.063784
0 0.580078 0.768880 0.045798 0.063784
0 0.632122 0.696398 0.045798 0.063784
0 0.632122 0.768880 0.045798 0.063784
0 0.449413 0.781780 0.056754 0.097969
0 0.449413 0.893109 0.056754 0.097969
0 0.513906 0.781780 0.056754 0.097969
0 0.513906 0.893109 0.056754 0.097969
0 0.578399 0.781780 0.056754 0.097969
0 0.578399 0.893109 0.056754 0.097969
0 0.622559 0.871394 0.074336 0.075101
0 0.622559 0.956736 0.074336 0.075101
0 0.707031 0.871394 0.074336 0.075101
0 0.707031 0.956736 0.074336 0.075101
0 0.791503 0.871394 0.074336 0.075101
0 0.791503 0.956736 0.074336 0.075101
0 0.680707 0.776204 0.061840 0.069227
0 0.680707 0.854870 0.061840 0.069227
0 0.750979 0.776204 0.061840 0.069227
0 0.750979 0.854870 0.061840 0.069227
0 0.821252 0.776204 0.061840 0.069227
0 0.821252 0.854870 0.061840 0.069227
