0 0.277642 0.605961 0.058294 0.066460
0 0.277642 0.681484 0.058294 0.066460
0 0.343885 0.605961 0.058294 0.066460
0 0.343885 0.681484 0.058294 0.066460
0 0.410128 0.605961 0.058294 0.066460
0 0.410128 0.681484 0.058294 0.066460
0 0.071460 0.729928 0.111658 0.132534
0 0.071460 0.880535 0.111658 0.132534
0 0.198344 0.729928 0.111658 0.132534
0 0.198344 0.880535 0.111658 0.132534
0 0.325227 0.729928 0.111658 0.132534
0 0.325227 0.880535 0.111658 0.132534
0 0.033142 0.621829 0.058331 0.068990
0 0.033142 0.700227 0.058331 0.068990
0 0.099427 0.621829 0.058331 0.068990
0 0.099427 0.700227 0.058331 0.068990
0 0.165712 0.621829 0.058331 0.068990
0 0.165712 0.700227 0.058331 0.068990
0 0.363243 0.547363 0.041930 0.044974
0 0.363243 0.598470 0.041930 0.044974
0 0.410891 0.547363 0.041930 0.044974
0 0.410891 0.598470 0.041930 0.044974
0 0.458538 0.547363 0.041930 0.044974
0 0.458538 0.598470 0.041930 0.044974
0 0.122679 0.556933 0.066805 0.052755
0 0.122679 0.616882 0.066805 0.052755
0 0.198594 0.556933 0.066805 0.052755
0 0.198594 0.616882 0.066805 0.052755
0 0.274509 0.556933 0.066805 0.052755
0 0.274509 0.616882 0.066805 0.052755
0 0.245760 0.511481 0.047511 0.035966
0 0.245760 0.552352 0.047511 0.035966
0 0.299750 0.511481 0.047511 0.035966
0 0.299750 0.552352 0.047511 0.035966
0 0.353740 0.511481 0.047511 0.035966
0 0.353740 0.552352 0.047511 0.035966
0 0.029460 0.510880 0.051850 0.043495
0 0.029460 0.560306 0.051850 0.043495
0 0.088380 0.510880 0.051850 0.043495
0 0.088380 0.560306 0.051850 0.043495
0 0.147300 0.510880 0.051850 0.043495
0 0.147300 0.560306 0.051850 0.043495
0 0.144366 0.477338 0.046872 0.029195
0 0.144366 0.510514 0.046872 0.029195
0 0.197630 0.477338 0.046872 0.029195
0 0.197630 0.510514 0.046872 0.029195
0 0.250894 0.477338 0.046872 0.029195
0 0.250894 0.510514 0.046872 0.029195
