0 0.120276 0.737657 0.103262 0.094633
0 0.120276 0.845194 0.103262 0.094633
0 0.237620 0.737657 0.103262 0.094633
0 0.237620 0.845194 0.103262 0.094633
0 0.354964 0.737657 0.103262 0.094633
0 0.354964 0.845194 0.103262 0.094633
0 0.315359 0.665171 0.078366 0.057127
0 0.315359 0.730088 0.078366 0.057127
0 0.404411 0.665171 0.078366 0.057127
0 0.404411 0.730088 0.078366 0.057127
0 0.493464 0.665171 0.078366 0.057127
0 0.493464 0.730088 0.078366 0.057127
0 0.517533 0.743477 0.083562 0.072722
0 0.517533 0.826116 0.083562 0.072722
0 0.612490 0.743477 0.083562 0.072722
0 0.612490 0.826116 0.083562 0.072722
0 0.707446 0.743477 0.083562 0.072722
0 0.707446 0.826116 0.083562 0.072722
0 0.350651 0.842595 0.117562 0.092347
0 0.350651 0.947535 0.117562 0.092347
0 0.484245 0.842595 0.117562 0.092347
0 0.484245 0.947535 0.117562 0.092347
0 0.617839 0.842595 0.117562 0.092347
0 0.617839 0.947535 0.117562 0.092347
0 0.774306 0.834706 0.079444 0.090685
0 0.774306 0.937757 0.079444 0.090685
0 0.864583 0.834706 0.079444 0.090685
0 0.864583 0.937757 0.079444 0.090685
0 0.954861 0.834706 0.079444 0.090685
0 0.954861 0.937757 0.079444 0.090685
0 0.034564 0.844331 0.060838 0.091329
0 0.034564 0.948113 0.060838 0.091329
0 0.103698 0.844331 0.060838 0.091329
0 0.103698 0.948113 0.060838 0.091329
0 0.172832 0.844331 0.060838 0.091329
0 0.172832 0.948113 0.060838 0.091329
