1 0.28368055555555555 0.35223524305555554 0.06372974537037035 0.05415943287037028
1 0.14461805555555557 0.45868778935185184 0.053660300925925886 0.14779369212962967
1 0.3331235532407407 0.39091435185185186 0.11242766203703702 0.15115740740740735
1 0.249758306640625 0.47619654296875 0.2602809375 0.479787005859375 0.27223334375 0.474297421875 0.367469955078125 0.522195369140625 0.366829609375 0.533001205078125 0.38884441796875 0.52833809765625 0.392013576171875 0.517513529296875 0.385865857421875 0.51035901171875 0.38155274609375 0.51489099609375 0.3753511640625 0.50863587890625 0.27572264453125 0.458070439453125 0.265180474609375 0.46534959375 0.257461943359375 0.4591057109375 0.246759701171875 0.469086072265625 0.249758306640625 0.47619654296875
1 0.50446038671875 0.462677142578125 0.523624037109375 0.4527990234375 0.415719615234375 0.407530013671875 0.399535435546875 0.407649896484375 0.3847614296875 0.409560353515625 0.382949208984375 0.42307388671875 0.394980912109375 0.42478477734375 0.4055230234375 0.417506630859375 0.500840974609375 0.455502890625 0.50446038671875 0.462677142578125
1 0.225926072265625 0.598849474609375 0.226098771484375 0.61338406640625 0.245091359375 0.599607515625 0.375407255859375 0.6868479453125 0.3673406015625 0.69500776171875 0.364915953125 0.710326849609375 0.373806419921875 0.713862029296875 0.392361326171875 0.69932346484375 0.391886203125 0.673224763671875 0.25374500390625 0.581542265625 0.23819862109375 0.587957474609375 0.225926072265625 0.598849474609375
1 0.543918841796875 0.590192916015625 0.555719939453125 0.5782606015625 0.5569669375 0.557693994140625 0.423294453125 0.492979615234375 0.40937167578125 0.497583787109375 0.398110486328125 0.508467291015625 0.40431206640625 0.514722408203125 0.41434858984375 0.507447001953125 0.542724017578125 0.567700580078125 0.5382767734375 0.58303465234375 0.543918841796875 0.590192916015625
1 0.717613775390625 0.681391830078125 0.70742945703125 0.6717874140625 0.52523376953125 0.581331251953125 0.5087268984375 0.6039547109375 0.51229238671875 0.61202937109375 0.520412458984375 0.602968142578125 0.692467458984375 0.685399357421875 0.692252046875 0.706102125 0.702100515625 0.710529208984375 0.717613775390625 0.681391830078125
1 0.796508541015625 0.5847218515625 0.804268513671875 0.58898943359375 0.816371974609375 0.563873544921875 0.65168605078125 0.494888859375 0.640719568359375 0.4922700703125 0.630467130859375 0.5202472421875 0.63603097265625 0.520206029296875 0.641675529296875 0.510264138671875 0.795179646484375 0.57303059765625 0.796508541015625 0.5847218515625
0 0.537434603515625 0.829037490234375 0.691561828125 0.65644494140625 0.557591283203125 0.591271201171875 0.388914533203125 0.724829759765625 0.537434603515625 0.829037490234375
0 0.697211544921875 0.656403091796875 0.791913275390625 0.55281820703125 0.66795512890625 0.50333299609375 0.5632503046875 0.589614296875 0.697211544921875 0.656403091796875
0 0.346929560546875 0.69112350390625 0.51513209375 0.57227628515625 0.41421943359375 0.519613640625 0.238786623046875 0.61361891015625 0.346929560546875 0.69112350390625
0 0.415789740234375 0.518702001953125 0.520930853515625 0.569719345703125 0.63295265625 0.488291146484375 0.53960451171875 0.451180302734375 0.415789740234375 0.518702001953125
0 0.210087130859375 0.59336262109375 0.3794747734375 0.502889533203125 0.29746834765625 0.466706302734375 0.131568896484375 0.536339755859375 0.210087130859375 0.59336262109375
0 0.304096845703125 0.4657571953125 0.378694037109375 0.50415230859375 0.505499892578125 0.445364166015625 0.42806914453125 0.41263544921875 0.304096845703125 0.4657571953125
