0 1 0.40432919140625 0.55572568359375 0.444872998046875 0.5776502734375 0.821580994140625 1 0.782743291015625 1 0.40432919140625
0 0 0.886402888671875 0.365540984375 0.84146366796875 0.365561748046875 0.460900962890625 0 0.493078826171875 0 0.886402888671875
0 0.69818469921875 0.389978732421875 0.66501530078125 0.09891339453125 0.239527869140625 0.129194087890625 0.219178142578125 0.42963254296875 0.69818469921875 0.389978732421875
0 1 0.074120845703125 0.743580875 0.093247119140625 0.786628416015625 0.379256470703125 1 0.361148298828125 1 0.074120845703125
0 0.73039660546875 0 0.73823934375 0.0546544375 1 0.036503791015625 1 0 0.73039660546875 0
0 0.2468163046875 0 0.24187595703125 0.091480349609375 0.6595508203125 0.060483216796875 0.6530561484375 0 0.2468163046875 0
0 0 0.448419607421875 0.128386337890625 0.432186017578125 0.153539890625 0.142625703125 0 0.156595962890625 0 0.448419607421875
0 0 0 0 0.114859845703125 0.15900437109375 0.09950248046875 0.168533939453125 0 0 0
1 0.656737640625 0 0.68409617578125 0.242252421875 0.69505409765625 0.2456125703125 0.742797814453125 0.20592551171875 0.749842076171875 0.185938666015625 0.721975232421875 0 0.656737640625 0
1 0.182391802734375 0.315565224609375 0.18195519140625 0.179355818359375 0.156562841796875 0.165927994140625 0.13386502734375 0.42343844140625 0.192566666015625 0.409357162109375 0.194132240234375 0.455123716796875 0.21996065625 0.43652603515625 0.21839562890625 0.31846041015625 0.182391802734375 0.315565224609375
1 0.2127141875 0 0.21213387890625 0.008870845703125 0.173781966796875 0.010321435546875 0.165172677734375 0.115236830078125 0.18082623046875 0.1154676015625 0.187087978515625 0.089977552734375 0.237180328125 0.0904378828125 0.244505298828125 0 0.2127141875 0
