0 0.395354 0.728222 0.074786 0.140963
0 0.395354 0.888407 0.074786 0.140963
0 0.480339 0.728222 0.074786 0.140963
0 0.480339 0.888407 0.074786 0.140963
0 0.565323 0.728222 0.074786 0.140963
0 0.565323 0.888407 0.074786 0.140963
0 0.181248 0.671150 0.082955 0.124679
0 0.181248 0.812831 0.082955 0.124679
0 0.275516 0.671150 0.082955 0.124679
0 0.275516 0.812831 0.082955 0.124679
0 0.369783 0.671150 0.082955 0.124679
0 0.369783 0.812831 0.082955 0.124679
0 0.044035 0.633160 0.077497 0.102630
0 0.044035 0.749785 0.077497 0.102630
0 0.132099 0.633160 0.077497 0.102630
0 0.132099 0.749785 0.077497 0.102630
0 0.220163 0.633160 0.077497 0.102630
0 0.220163 0.749785 0.077497 0.102630
0 0.461182 0.579931 0.048560 0.057844
0 0.461182 0.645662 0.048560 0.057844
0 0.516365 0.579931 0.048560 0.057844
0 0.516365 0.645662 0.048560 0.057844
0 0.571547 0.579931 0.048560 0.057844
0 0.571547 0.645662 0.048560 0.057844
0 0.325342 0.555438 0.047810 0.067691
0 0.325342 0.632359 0.047810 0.067691
0 0.379672 0.555438 0.047810 0.067691
0 0.379672 0.632359 0.047810 0.067691
0 0.434002 0.555438 0.047810 0.067691
0 0.434002 0.632359 0.047810 0.067691
0 0.204905 0.515509 0.048970 0.066684
0 0.204905 0.591287 0.048970 0.066684
0 0.260552 0.515509 0.048970 0.066684
0 0.260552 0.591287 0.048970 0.066684
0 0.316200 0.515509 0.048970 0.066684
0 0.316200 0.591287 0.048970 0.066684
0 0.496628 0.502398 0.033029 0.043609
0 0.496628 0.551954 0.033029 0.043609
0 0.534161 0.502398 0.033029 0.043609
0 0.534161 0.551954 0.033029 0.043609
0 0.571694 0.502398 0.033029 0.043609
0 0.571694 0.551954 0.033029 0.043609
0 0.384224 0.491412 0.036859 0.044627
0 0.384224 0.542125 0.036859 0.044627
0 0.426109 0.491412 0.036859 0.044627
0 0.426109 0.542125 0.036859 0.044627
0 0.467995 0.491412 0.036859 0.044627
0 0.467995 0.542125 0.036859 0.044627
0 0.295545 0.469808 0.036613 0.039205
0 0.295545 0.514359 0.036613 0.039205
0 0.337151 0.469808 0.036613 0.039205
0 0.337151 0.514359 0.036613 0.039205
0 0.378757 0.469808 0.036613 0.039205
0 0.378757 0.514359 0.036613 0.039205
