0 0.161431 0.533829 0.084738 0.082630
0 0.161431 0.627727 0.084738 0.082630
0 0.257724 0.533829 0.084738 0.082630
0 0.257724 0.627727 0.084738 0.082630
0 0.354017 0.533829 0.084738 0.082630
0 0.354017 0.627727 0.084738 0.082630
0 0.326543 0.506132 0.052785 0.062639
0 0.326543 0.577313 0.052785 0.062639
0 0.386526 0.506132 0.052785 0.062639
0 0.386526 0.577313 0.052785 0.062639
0 0.446509 0.506132 0.052785 0.062639
0 0.446509 0.577313 0.052785 0.062639
0 0.410191 0.485623 0.039019 0.046669
0 0.410191 0.538655 0.039019 0.046669
0 0.454531 0.485623 0.039019 0.046669
0 0.454531 0.538655 0.039019 0.046669
0 0.498872 0.485623 0.039019 0.046669
0 0.498872 0.538655 0.039019 0.046669
0 0.120892 0.330079 0.051428 0.038288
0 0.120892 0.373588 0.051428 0.038288
0 0.179333 0.330079 0.051428 0.038288
0 0.179333 0.373588 0.051428 0.038288
0 0.237774 0.330079 0.051428 0.038288
0 0.237774 0.373588 0.051428 0.038288
0 0.043505 0.389706 0.076565 0.057587
0 0.043505 0.455146 0.076565 0.057587
0 0.130510 0.389706 0.076565 0.057587
0 0.130510 0.455146 0.076565 0.057587
0 0.217516 0.389706 0.076565 0.057587
0 0.217516 0.455146 0.076565 0.057587
0 0.211200 0.411662 0.055296 0.034654
0 0.211200 0.451042 0.055296 0.034654
0 0.274036 0.411662 0.055296 0.034654
0 0.274036 0.451042 0.055296 0.034654
0 0.336873 0.411662 0.055296 0.034654
0 0.336873 0.451042 0.055296 0.034654
0 0.233905 0.356141 0.041806 0.026510
0 0.233905 0.386266 0.041806 0.026510
0 0.281411 0.356141 0.041806 0.026510
0 0.281411 0.386266 0.041806 0.026510
0 0.328918 0.356141 0.041806 0.026510
0 0.328918 0.386266 0.041806 0.026510
0 0.025684 0.305134 0.045204 0.041824
0 0.025684 0.352662 0.045204 0.041824
0 0.077052 0.305134 0.045204 0.041824
0 0.077052 0.352662 0.045204 0.041824
0 0.128420 0.305134 0.045204 0.041824
0 0.128420 0.352662 0.045204 0.041824
