0 0.547764 0.662866 0.084060 0.101941
0 0.547764 0.778708 0.084060 0.101941
0 0.643286 0.662866 0.084060 0.101941
0 0.643286 0.778708 0.084060 0.101941
0 0.738809 0.662866 0.084060 0.101941
0 0.738809 0.778708 0.084060 0.101941
0 0.676507 0.606132 0.062611 0.058223
0 0.676507 0.672294 0.062611 0.058223
0 0.747656 0.606132 0.062611 0.058223
0 0.747656 0.672294 0.062611 0.058223
0 0.818806 0.606132 0.062611 0.058223
0 0.818806 0.672294 0.062611 0.058223
0 0.748186 0.563102 0.055703 0.042077
0 0.748186 0.610917 0.055703 0.042077
0 0.811484 0.563102 0.055703 0.042077
0 0.811484 0.610917 0.055703 0.042077
0 0.874783 0.563102 0.055703 0.042077
0 0.874783 0.610917 0.055703 0.042077
0 0.487146 0.577125 0.047172 0.038435
0 0.487146 0.620801 0.047172 0.038435
0 0.540750 0.577125 0.047172 0.038435
0 0.540750 0.620801 0.047172 0.038435
0 0.594354 0.577125 0.047172 0.038435
0 0.594354 0.620801 0.047172 0.038435
0 0.576281 0.484887 0.030534 0.019934
0 0.576281 0.507539 0.030534 0.019934
0 0.610979 0.484887 0.030534 0.019934
0 0.610979 0.507539 0.030534 0.019934
0 0.645677 0.484887 0.030534 0.019934
0 0.645677 0.507539 0.030534 0.019934
0 0.641705 0.516616 0.043137 0.028380
0 0.641705 0.548866 0.043137 0.028380
0 0.690724 0.516616 0.043137 0.028380
0 0.690724 0.548866 0.043137 0.028380
0 0.739743 0.516616 0.043137 0.028380
0 0.739743 0.548866 0.043137 0.028380
0 0.562240 0.540970 0.047130 0.038414
0 0.562240 0.584623 0.047130 0.038414
0 0.615797 0.540970 0.047130 0.038414
0 0.615797 0.584623 0.047130 0.038414
0 0.669354 0.540970 0.047130 0.038414
0 0.669354 0.584623 0.047130 0.038414
0 0.490378 0.499097 0.034872 0.028136
0 0.490378 0.531069 0.034872 0.028136
0 0.530005 0.499097 0.034872 0.028136
0 0.530005 0.531069 0.034872 0.028136
0 0.569632 0.499097 0.034872 0.028136
0 0.569632 0.531069 0.034872 0.028136
