0 0.309014 0.456340 0.066497 0.078617
0 0.309014 0.545678 0.066497 0.078617
0 0.384578 0.456340 0.066497 0.078617
0 0.384578 0.545678 0.066497 0.078617
0 0.460142 0.456340 0.066497 0.078617
0 0.460142 0.545678 0.066497 0.078617
0 0.039752 0.386148 0.066530 0.046836
0 0.039752 0.439370 0.066530 0.046836
0 0.115354 0.386148 0.066530 0.046836
0 0.115354 0.439370 0.066530 0.046836
0 0.190957 0.386148 0.066530 0.046836
0 0.190957 0.439370 0.066530 0.046836
0 0.035950 0.500257 0.063276 0.073028
0 0.035950 0.583243 0.063276 0.073028
0 0.107854 0.500257 0.063276 0.073028
0 0.107854 0.583243 0.063276 0.073028
0 0.179759 0.500257 0.063276 0.073028
0 0.179759 0.583243 0.063276 0.073028
0 0.051554 0.807861 0.081068 0.112721
0 0.051554 0.935954 0.081068 0.112721
0 0.143677 0.807861 0.081068 0.112721
0 0.143677 0.935954 0.081068 0.112721
0 0.235800 0.807861 0.081068 0.112721
0 0.235800 0.935954 0.081068 0.112721
0 0.133179 0.429271 0.078685 0.048005
0 0.133179 0.483822 0.078685 0.048005
0 0.222594 0.429271 0.078685 0.048005
0 0.222594 0.483822 0.078685 0.048005
0 0.312009 0.429271 0.078685 0.048005
0 0.312009 0.483822 0.078685 0.048005
0 0.081045 0.608523 0.132584 0.165888
0 0.081045 0.797032 0.132584 0.165888
0 0.231708 0.608523 0.132584 0.165888
0 0.231708 0.797032 0.132584 0.165888
0 0.382372 0.608523 0.132584 0.165888
0 0.382372 0.797032 0.132584 0.165888
