1 0.5693359375 0.3154296875 0.1259765625 0.1552734375
1 0.15625 0.3984375 0.1337890625 0.2607421875
1 0.501068228515625 0.42390092578125 0.494540625 0.400143517578125 0.482729166015625 0.40787777734375 0.48925625 0.4288731484375 0.364611978515625 0.5006981484375 0.350624478515625 0.486333333984375 0.341584896484375 0.503325 0.360882291015625 0.5227981484375 0.379842708984375 0.52335092578125 0.378288541015625 0.510643517578125 0.4988921875 0.43550277734375 0.500757291015625 0.4399231484375 0.503865625 0.43550277734375 0.501068228515625 0.42390092578125
1 0.405719791015625 0.400742591796875 0.40820625 0.39190277734375 0.487158333984375 0.349360185546875 0.500523958984375 0.35157037109375 0.509538541015625 0.349360185546875 0.520417708984375 0.35322777734375 0.529120833984375 0.338310185546875 0.524310416015625 0.325856482421875 0.511403125 0.339414814453125 0.486847396484375 0.33554722265625 0.401368228515625 0.3803 0.398259896484375 0.37532777734375 0.388313021484375 0.382510185546875 0.387069791015625 0.400742591796875 0.405719791015625 0.400742591796875
0 0.240022396484375 0.6175231484375 0.445006771484375 0.752916666015625 0.574624478515625 0.634681482421875 0.3713390625 0.5335731484375 0.240022396484375 0.6175231484375
0 0.23264375 0.615208333984375 0.365341146484375 0.533925 0.218627603515625 0.460442591796875 0.098023958984375 0.5239805546875 0.23264375 0.615208333984375
0 0.411897396484375 0.511041666015625 0.6094390625 0.59930092578125 0.696161978515625 0.51697777734375 0.507485416015625 0.447362962890625 0.411897396484375 0.511041666015625
0 0.404952603515625 0.50795462890625 0.501890625 0.447915740234375 0.3570421875 0.39542777734375 0.262069271484375 0.440990740234375 0.404952603515625 0.50795462890625
0 0.537765103515625 0.4307944453125 0.727439583984375 0.497040740234375 0.788673958984375 0.4340555546875 0.609322396484375 0.38212037109375 0.537765103515625 0.4307944453125
0 0.532991146484375 0.42925092578125 0.604651041015625 0.3835768515625 0.470059896484375 0.3432444453125 0.392328646484375 0.38270092578125 0.532991146484375 0.42925092578125
