0 0.250644 0.584014 0.065676 0.096010
0 0.250644 0.693116 0.065676 0.096010
0 0.325276 0.584014 0.065676 0.096010
0 0.325276 0.693116 0.065676 0.096010
0 0.399908 0.584014 0.065676 0.096010
0 0.399908 0.693116 0.065676 0.096010
0 0.056316 0.717192 0.099121 0.165917
0 0.056316 0.905734 0.099121 0.165917
0 0.168953 0.717192 0.099121 0.165917
0 0.168953 0.905734 0.099121 0.165917
0 0.281590 0.717192 0.099121 0.165917
0 0.281590 0.905734 0.099121 0.165917
0 0.363321 0.512387 0.044222 0.060203
0 0.363321 0.580799 0.044222 0.060203
0 0.413573 0.512387 0.044222 0.060203
0 0.413573 0.580799 0.044222 0.060203
0 0.463825 0.512387 0.044222 0.060203
0 0.463825 0.580799 0.044222 0.060203
0 0.029559 0.554090 0.052028 0.082023
0 0.029559 0.647299 0.052028 0.082023
0 0.088682 0.554090 0.052028 0.082023
0 0.088682 0.647299 0.052028 0.082023
0 0.147806 0.554090 0.052028 0.082023
0 0.147806 0.647299 0.052028 0.082023
0 0.123811 0.492164 0.065617 0.060561
0 0.123811 0.560984 0.065617 0.060561
0 0.198375 0.492164 0.065617 0.060561
0 0.198375 0.560984 0.065617 0.060561
0 0.272939 0.492164 0.065617 0.060561
0 0.272939 0.560984 0.065617 0.060561
0 0.256575 0.463694 0.044943 0.041979
0 0.256575 0.511398 0.044943 0.041979
0 0.307646 0.463694 0.044943 0.041979
0 0.307646 0.511398 0.044943 0.041979
0 0.358717 0.463694 0.044943 0.041979
0 0.358717 0.511398 0.044943 0.041979
0 0.037066 0.431095 0.060300 0.045642
0 0.037066 0.482961 0.060300 0.045642
0 0.105589 0.431095 0.060300 0.045642
0 0.105589 0.482961 0.060300 0.045642
0 0.174111 0.431095 0.060300 0.045642
0 0.174111 0.482961 0.060300 0.045642
0 0.007352 0.490021 0.012945 0.025972
0 0.007352 0.519535 0.012945 0.025972
0 0.022062 0.490021 0.012945 0.025972
0 0.022062 0.519535 0.012945 0.025972
0 0.036773 0.490021 0.012945 0.025972
0 0.036773 0.519535 0.012945 0.025972
0 0.178998 0.409546 0.050345 0.034304
0 0.178998 0.448528 0.050345 0.034304
0 0.236208 0.409546 0.050345 0.034304
0 0.236208 0.448528 0.050345 0.034304
0 0.293418 0.409546 0.050345 0.034304
0 0.293418 0.448528 0.050345 0.034304
