1 0.5703125 0.3492259837962963 0.126953125 0.16377314814814814
1 0.1552734375 0.4076388888888889 0.1337890625 0.26964699074074083
1 0.499409947265625 0.465668220703125 0.50128481640625 0.470224388671875 0.504409423828125 0.465964486328125 0.5015973828125 0.4541311796875 0.4950356015625 0.429852203125 0.483162302734375 0.43692606640625 0.489723560546875 0.458427546875 0.364426701171875 0.523228802734375 0.35036596875 0.507950509765625 0.341279056640625 0.5244986171875 0.360677486328125 0.545230091796875 0.379737171875 0.546915419921875 0.378174869140625 0.53404444140625 0.499409947265625 0.465668220703125
1 0.401375392578125 0.404347591796875 0.39825078515625 0.3991624296875 0.38825183203125 0.405792431640625 0.38700209375 0.42405263671875 0.40574973828125 0.425163609375 0.40824921484375 0.41642252734375 0.48761466015625 0.378345404296875 0.50105026171875 0.38136412109375 0.510112041015625 0.37967858203125 0.52104816796875 0.38421584765625 0.529796859375 0.369733357421875 0.524961255859375 0.356923525390625 0.51198638671875 0.36978872265625 0.48730209375 0.36443675 0.401375392578125 0.404347591796875
0 0.575538744140625 0.670470990234375 0.371189005859375 0.55668819140625 0.23918481640625 0.633284716796875 0.445242408203125 0.78164544140625 0.575538744140625 0.670470990234375
0 0.217678009765625 0.47405213671875 0.096442931640625 0.530760759765625 0.2317675390625 0.630517427734375 0.365159685546875 0.55668471484375 0.217678009765625 0.47405213671875
0 0.69771256640625 0.559349654296875 0.50804816796875 0.47810655859375 0.411959685546875 0.536446876953125 0.6105356015625 0.636966666015625 0.69771256640625 0.559349654296875
0 0.35681727734375 0.41691940234375 0.26134712109375 0.457079416015625 0.404978533203125 0.532928896484375 0.502424083984375 0.47832914453125 0.35681727734375 0.41691940234375
0 0.790708900390625 0.48147507421875 0.61041832421875 0.418565861328125 0.53848638671875 0.463249224609375 0.72915392578125 0.541164427734375 0.790708900390625 0.48147507421875
0 0.470426701171875 0.371176953125 0.392288482421875 0.406223447265625 0.53368743359375 0.461412701171875 0.605722513671875 0.419752208984375 0.470426701171875 0.371176953125
