0 0.381043 0.438373 0.022095 0.020546
0 0.381043 0.461720 0.022095 0.020546
0 0.406151 0.438373 0.022095 0.020546
0 0.406151 0.461720 0.022095 0.020546
0 0.431259 0.438373 0.022095 0.020546
0 0.431259 0.461720 0.022095 0.020546
0 0.443540 0.443002 0.022089 0.020546
0 0.443540 0.466350 0.022089 0.020546
0 0.468641 0.443002 0.022089 0.020546
0 0.468641 0.466350 0.022089 0.020546
0 0.493741 0.443002 0.022089 0.020546
0 0.493741 0.466350 0.022089 0.020546
0 0.512184 0.449940 0.021444 0.024616
0 0.512184 0.477912 0.021444 0.024616
0 0.536552 0.449940 0.021444 0.024616
0 0.536552 0.477912 0.021444 0.024616
0 0.560920 0.449940 0.021444 0.024616
0 0.560920 0.477912 0.021444 0.024616
0 0.414783 0.415366 0.017640 0.012459
0 0.414783 0.429523 0.017640 0.012459
0 0.434828 0.415366 0.017640 0.012459
0 0.434828 0.429523 0.017640 0.012459
0 0.454873 0.415366 0.017640 0.012459
0 0.454873 0.429523 0.017640 0.012459
0 0.470476 0.422676 0.017026 0.010022
0 0.470476 0.434065 0.017026 0.010022
0 0.489823 0.422676 0.017026 0.010022
0 0.489823 0.434065 0.017026 0.010022
0 0.509170 0.422676 0.017026 0.010022
0 0.509170 0.434065 0.017026 0.010022
0 0.523252 0.431963 0.019106 0.011065
0 0.523252 0.444537 0.019106 0.011065
0 0.544964 0.431963 0.019106 0.011065
0 0.544964 0.444537 0.019106 0.011065
0 0.566675 0.431963 0.019106 0.011065
0 0.566675 0.444537 0.019106 0.011065
0 0.434674 0.406933 0.014289 0.005969
0 0.434674 0.413715 0.014289 0.005969
0 0.450911 0.406933 0.014289 0.005969
0 0.450911 0.413715 0.014289 0.005969
0 0.467149 0.406933 0.014289 0.005969
0 0.467149 0.413715 0.014289 0.005969
0 0.482063 0.414840 0.016285 0.005969
0 0.482063 0.421623 0.016285 0.005969
0 0.500568 0.414840 0.016285 0.005969
0 0.500568 0.421623 0.016285 0.005969
0 0.519073 0.414840 0.016285 0.005969
0 0.519073 0.421623 0.016285 0.005969
0 0.534321 0.419516 0.016671 0.010026
0 0.534321 0.430910 0.016671 0.010026
0 0.553266 0.419516 0.016671 0.010026
0 0.553266 0.430910 0.016671 0.010026
0 0.572210 0.419516 0.016671 0.010026
0 0.572210 0.430910 0.016671 0.010026
