0 0.312602 0.872109 0.098722 0.075032
0 0.312602 0.957373 0.098722 0.075032
0 0.424786 0.872109 0.098722 0.075032
0 0.424786 0.957373 0.098722 0.075032
0 0.536970 0.872109 0.098722 0.075032
0 0.536970 0.957373 0.098722 0.075032
0 0.354269 0.714940 0.071227 0.079534
0 0.354269 0.805319 0.071227 0.079534
0 0.435208 0.714940 0.071227 0.079534
0 0.435208 0.805319 0.071227 0.079534
0 0.516148 0.714940 0.071227 0.079534
0 0.516148 0.805319 0.071227 0.079534
0 0.383788 0.615231 0.045259 0.038492
0 0.383788 0.658972 0.045259 0.038492
0 0.435219 0.615231 0.045259 0.038492
0 0.435219 0.658972 0.045259 0.038492
0 0.486649 0.615231 0.045259 0.038492
0 0.486649 0.658972 0.045259 0.038492
0 0.043309 0.892942 0.076224 0.062810
0 0.043309 0.964317 0.076224 0.062810
0 0.129927 0.892942 0.076224 0.062810
0 0.129927 0.964317 0.076224 0.062810
0 0.216545 0.892942 0.076224 0.062810
0 0.216545 0.964317 0.076224 0.062810
0 0.079259 0.727088 0.091366 0.088693
0 0.079259 0.827875 0.091366 0.088693
0 0.183083 0.727088 0.091366 0.088693
0 0.183083 0.827875 0.091366 0.088693
0 0.286908 0.727088 0.091366 0.088693
0 0.286908 0.827875 0.091366 0.088693
0 0.214747 0.624493 0.054059 0.038488
0 0.214747 0.668229 0.054059 0.038488
0 0.276177 0.624493 0.054059 0.038488
0 0.276177 0.668229 0.054059 0.038488
0 0.337608 0.624493 0.054059 0.038488
0 0.337608 0.668229 0.054059 0.038488
0 0.037958 0.625456 0.066807 0.044257
0 0.037958 0.675748 0.066807 0.044257
0 0.113875 0.625456 0.066807 0.044257
0 0.113875 0.675748 0.066807 0.044257
0 0.189792 0.625456 0.066807 0.044257
0 0.189792 0.675748 0.066807 0.044257
0 0.023064 0.726329 0.040588 0.071044
0 0.023064 0.807060 0.040588 0.071044
0 0.069187 0.726329 0.040588 0.071044
0 0.069187 0.807060 0.040588 0.071044
0 0.115311 0.726329 0.040588 0.071044
0 0.115311 0.807060 0.040588 0.071044
