0 0.410774 0.576269 0.043089 0.047324
0 0.410774 0.630046 0.043089 0.047324
0 0.459740 0.576269 0.043089 0.047324
0 0.459740 0.630046 0.043089 0.047324
0 0.508705 0.576269 0.043089 0.047324
0 0.508705 0.630046 0.043089 0.047324
0 0.278905 0.553125 0.048580 0.039184
0 0.278905 0.597653 0.048580 0.039184
0 0.334109 0.553125 0.048580 0.039184
0 0.334109 0.597653 0.048580 0.039184
0 0.389314 0.553125 0.048580 0.039184
0 0.389314 0.597653 0.048580 0.039184
0 0.170401 0.530750 0.050119 0.035119
0 0.170401 0.570657 0.050119 0.035119
0 0.227354 0.530750 0.050119 0.035119
0 0.227354 0.570657 0.050119 0.035119
0 0.284307 0.530750 0.050119 0.035119
0 0.284307 0.570657 0.050119 0.035119
0 0.331417 0.678486 0.066137 0.080561
0 0.331417 0.770032 0.066137 0.080561
0 0.406573 0.678486 0.066137 0.080561
0 0.406573 0.770032 0.066137 0.080561
0 0.481729 0.678486 0.066137 0.080561
0 0.481729 0.770032 0.066137 0.080561
0 0.143778 0.637792 0.076595 0.070050
0 0.143778 0.717394 0.076595 0.070050
0 0.230818 0.637792 0.076595 0.070050
0 0.230818 0.717394 0.076595 0.070050
0 0.317858 0.637792 0.076595 0.070050
0 0.317858 0.717394 0.076595 0.070050
0 0.038753 0.597097 0.065914 0.059539
0 0.038753 0.664755 0.065914 0.059539
0 0.113656 0.597097 0.065914 0.059539
0 0.113656 0.664755 0.065914 0.059539
0 0.188559 0.597097 0.065914 0.059539
0 0.188559 0.664755 0.065914 0.059539
0 0.176462 0.839123 0.109685 0.094384
0 0.176462 0.946377 0.109685 0.094384
0 0.301104 0.839123 0.109685 0.094384
0 0.301104 0.946377 0.109685 0.094384
0 0.425747 0.839123 0.109685 0.094384
0 0.425747 0.946377 0.109685 0.094384
0 0.042080 0.787039 0.071769 0.124940
0 0.042080 0.929016 0.071769 0.124940
0 0.123635 0.787039 0.071769 0.124940
0 0.123635 0.929016 0.071769 0.124940
0 0.205191 0.787039 0.071769 0.124940
0 0.205191 0.929016 0.071769 0.124940
