0 0.259920 0.499701 0.031118 0.047003
0 0.259920 0.553113 0.031118 0.047003
0 0.295281 0.499701 0.031118 0.047003
0 0.295281 0.553113 0.031118 0.047003
0 0.330642 0.499701 0.031118 0.047003
0 0.330642 0.553113 0.031118 0.047003
0 0.361983 0.475593 0.029706 0.024950
0 0.361983 0.503944 0.029706 0.024950
0 0.395740 0.475593 0.029706 0.024950
0 0.395740 0.503944 0.029706 0.024950
0 0.429497 0.475593 0.029706 0.024950
0 0.429497 0.503944 0.029706 0.024950
0 0.454568 0.475789 0.027660 0.029362
0 0.454568 0.509155 0.027660 0.029362
0 0.486000 0.475789 0.027660 0.029362
0 0.486000 0.509155 0.027660 0.029362
0 0.517432 0.475789 0.027660 0.029362
0 0.517432 0.509155 0.027660 0.029362
0 0.298042 0.443769 0.022587 0.021902
0 0.298042 0.468657 0.022587 0.021902
0 0.323708 0.443769 0.022587 0.021902
0 0.323708 0.468657 0.022587 0.021902
0 0.349375 0.443769 0.022587 0.021902
0 0.349375 0.468657 0.022587 0.021902
0 0.356773 0.456301 0.029708 0.015457
0 0.356773 0.473866 0.029708 0.015457
0 0.390531 0.456301 0.029708 0.015457
0 0.390531 0.473866 0.029708 0.015457
0 0.424290 0.456301 0.029708 0.015457
0 0.424290 0.473866 0.029708 0.015457
0 0.439236 0.456118 0.023589 0.019185
0 0.439236 0.477919 0.023589 0.019185
0 0.466042 0.456118 0.023589 0.019185
0 0.466042 0.477919 0.023589 0.019185
0 0.492847 0.456118 0.023589 0.019185
0 0.492847 0.477919 0.023589 0.019185
