0 0.069128 0.839123 0.096458 0.094384
0 0.069128 0.946377 0.096458 0.094384
0 0.178740 0.839123 0.096458 0.094384
0 0.178740 0.946377 0.096458 0.094384
0 0.288351 0.839123 0.096458 0.094384
0 0.288351 0.946377 0.096458 0.094384
0 0.184866 0.697391 0.077099 0.081233
0 0.184866 0.789701 0.077099 0.081233
0 0.272479 0.697391 0.077099 0.081233
0 0.272479 0.789701 0.077099 0.081233
0 0.360092 0.697391 0.077099 0.081233
0 0.360092 0.789701 0.077099 0.081233
0 0.040415 0.664988 0.066552 0.081241
0 0.040415 0.757308 0.066552 0.081241
0 0.116042 0.664988 0.066552 0.081241
0 0.116042 0.757308 0.066552 0.081241
0 0.191668 0.664988 0.066552 0.081241
0 0.191668 0.757308 0.066552 0.081241
