0 0.717205 0.511606 0.098041 0.099497
0 0.717205 0.624671 0.098041 0.099497
0 0.828615 0.511606 0.098041 0.099497
0 0.828615 0.624671 0.098041 0.099497
0 0.940024 0.511606 0.098041 0.099497
0 0.940024 0.624671 0.098041 0.099497
0 0.512516 0.662259 0.102932 0.166809
0 0.512516 0.851815 0.102932 0.166809
0 0.629484 0.662259 0.102932 0.166809
0 0.629484 0.851815 0.102932 0.166809
0 0.746453 0.662259 0.102932 0.166809
0 0.746453 0.851815 0.102932 0.166809
0 0.649172 0.461755 0.048863 0.053900
0 0.649172 0.523005 0.048863 0.053900
0 0.704698 0.461755 0.048863 0.053900
0 0.704698 0.523005 0.048863 0.053900
0 0.760224 0.461755 0.048863 0.053900
0 0.760224 0.523005 0.048863 0.053900
0 0.460944 0.545269 0.046221 0.072323
0 0.460944 0.627454 0.046221 0.072323
0 0.513469 0.545269 0.046221 0.072323
0 0.513469 0.627454 0.046221 0.072323
0 0.565993 0.545269 0.046221 0.072323
0 0.565993 0.627454 0.046221 0.072323
0 0.862066 0.410667 0.048553 0.055114
0 0.862066 0.473296 0.048553 0.055114
0 0.917240 0.410667 0.048553 0.055114
0 0.917240 0.473296 0.048553 0.055114
0 0.972413 0.410667 0.048553 0.055114
0 0.972413 0.473296 0.048553 0.055114
0 0.762943 0.391076 0.060271 0.043898
0 0.762943 0.440961 0.060271 0.043898
0 0.831432 0.391076 0.060271 0.043898
0 0.831432 0.440961 0.060271 0.043898
0 0.899922 0.391076 0.060271 0.043898
0 0.899922 0.440961 0.060271 0.043898
0 0.606120 0.816553 0.138646 0.107625
0 0.606120 0.938854 0.138646 0.107625
0 0.763672 0.816553 0.138646 0.107625
0 0.763672 0.938854 0.138646 0.107625
0 0.921224 0.816553 0.138646 0.107625
0 0.921224 0.938854 0.138646 0.107625
