0 0.399207 0.580694 0.053246 0.076055
0 0.399207 0.667120 0.053246 0.076055
0 0.459714 0.580694 0.053246 0.076055
0 0.459714 0.667120 0.053246 0.076055
0 0.520220 0.580694 0.053246 0.076055
0 0.520220 0.667120 0.053246 0.076055
0 0.459488 0.494345 0.039780 0.048754
0 0.459488 0.549748 0.039780 0.048754
0 0.504693 0.494345 0.039780 0.048754
0 0.504693 0.549748 0.039780 0.048754
0 0.549898 0.494345 0.039780 0.048754
0 0.549898 0.549748 0.039780 0.048754
0 0.240986 0.524470 0.060828 0.063527
0 0.240986 0.596660 0.060828 0.063527
0 0.310109 0.524470 0.060828 0.063527
0 0.310109 0.596660 0.060828 0.063527
0 0.379233 0.524470 0.060828 0.063527
0 0.379233 0.596660 0.060828 0.063527
0 0.247622 0.426583 0.042005 0.035070
0 0.247622 0.466435 0.042005 0.035070
0 0.295354 0.426583 0.042005 0.035070
0 0.295354 0.466435 0.042005 0.035070
0 0.343087 0.426583 0.042005 0.035070
0 0.343087 0.466435 0.042005 0.035070
0 0.345347 0.456926 0.041788 0.040839
0 0.345347 0.503333 0.041788 0.040839
0 0.392833 0.456926 0.041788 0.040839
0 0.392833 0.503333 0.041788 0.040839
0 0.440319 0.456926 0.041788 0.040839
0 0.440319 0.503333 0.041788 0.040839
0 0.129311 0.474912 0.060121 0.053330
0 0.129311 0.535514 0.060121 0.053330
0 0.197630 0.474912 0.060121 0.053330
0 0.197630 0.535514 0.060121 0.053330
0 0.265950 0.474912 0.060121 0.053330
0 0.265950 0.535514 0.060121 0.053330
0 0.315028 0.391412 0.037311 0.026115
0 0.315028 0.421088 0.037311 0.026115
0 0.357427 0.391412 0.037311 0.026115
0 0.357427 0.421088 0.037311 0.026115
0 0.399826 0.391412 0.037311 0.026115
0 0.399826 0.421088 0.037311 0.026115
1 0.382016 0.574602 0.311521 0.150278
