0 0.071368 0.429056 0.125603 0.264896
0 0.071368 0.730074 0.125603 0.264896
0 0.214099 0.429056 0.125603 0.264896
0 0.214099 0.730074 0.125603 0.264896
0 0.356830 0.429056 0.125603 0.264896
0 0.356830 0.730074 0.125603 0.264896
0 0.047069 0.061083 0.082842 0.106154
0 0.047069 0.181713 0.082842 0.106154
0 0.141208 0.061083 0.082842 0.106154
0 0.141208 0.181713 0.082842 0.106154
0 0.235347 0.061083 0.082842 0.106154
0 0.235347 0.181713 0.082842 0.106154
0 0.263858 0.320697 0.067927 0.114917
0 0.263858 0.451285 0.067927 0.114917
0 0.341047 0.320697 0.067927 0.114917
0 0.341047 0.451285 0.067927 0.114917
0 0.418236 0.320697 0.067927 0.114917
0 0.418236 0.451285 0.067927 0.114917
