0 0.242705 0.485734 0.096042 0.097203
0 0.242705 0.596192 0.096042 0.097203
0 0.351844 0.485734 0.096042 0.097203
0 0.351844 0.596192 0.096042 0.097203
0 0.460983 0.485734 0.096042 0.097203
0 0.460983 0.596192 0.096042 0.097203
0 0.050028 0.448560 0.088049 0.073749
0 0.050028 0.532366 0.088049 0.073749
0 0.150083 0.448560 0.088049 0.073749
0 0.150083 0.532366 0.088049 0.073749
0 0.250139 0.448560 0.088049 0.073749
0 0.250139 0.532366 0.088049 0.073749
0 0.207153 0.361028 0.060553 0.040871
0 0.207153 0.407472 0.060553 0.040871
0 0.275964 0.361028 0.060553 0.040871
0 0.275964 0.407472 0.060553 0.040871
0 0.344774 0.361028 0.060553 0.040871
0 0.344774 0.407472 0.060553 0.040871
0 0.019359 0.392650 0.033316 0.038749
0 0.019359 0.436683 0.033316 0.038749
0 0.057219 0.392650 0.033316 0.038749
0 0.057219 0.436683 0.033316 0.038749
0 0.095078 0.392650 0.033316 0.038749
0 0.095078 0.436683 0.033316 0.038749
0 0.083090 0.338076 0.063844 0.032132
0 0.083090 0.374590 0.063844 0.032132
0 0.155641 0.338076 0.063844 0.032132
0 0.155641 0.374590 0.063844 0.032132
0 0.228191 0.338076 0.063844 0.032132
0 0.228191 0.374590 0.063844 0.032132
0 0.016052 0.571720 0.028252 0.055574
0 0.016052 0.634873 0.028252 0.055574
0 0.048156 0.571720 0.028252 0.055574
0 0.048156 0.634873 0.028252 0.055574
0 0.080260 0.571720 0.028252 0.055574
0 0.080260 0.634873 0.028252 0.055574
0 0.365396 0.389701 0.054212 0.039816
0 0.365396 0.434947 0.054212 0.039816
0 0.427000 0.389701 0.054212 0.039816
0 0.427000 0.434947 0.054212 0.039816
0 0.488604 0.389701 0.054212 0.039816
0 0.488604 0.434947 0.054212 0.039816
0 0.075842 0.686345 0.133482 0.184014
0 0.075842 0.895451 0.133482 0.184014
0 0.227526 0.686345 0.133482 0.184014
0 0.227526 0.895451 0.133482 0.184014
0 0.379210 0.686345 0.133482 0.184014
0 0.379210 0.895451 0.133482 0.184014
