0 0.072837 0.418296 0.096178 0.200330
0 0.072837 0.645944 0.096178 0.200330
0 0.182130 0.418296 0.096178 0.200330
0 0.182130 0.645944 0.096178 0.200330
0 0.291424 0.418296 0.096178 0.200330
0 0.291424 0.645944 0.096178 0.200330
0 0.281658 0.365938 0.063450 0.118307
0 0.281658 0.500377 0.063450 0.118307
0 0.353760 0.365938 0.063450 0.118307
0 0.353760 0.500377 0.063450 0.118307
0 0.425863 0.365938 0.063450 0.118307
0 0.425863 0.500377 0.063450 0.118307
0 0.035991 0.133354 0.062698 0.106183
0 0.035991 0.254016 0.062698 0.106183
0 0.107240 0.133354 0.062698 0.106183
0 0.107240 0.254016 0.062698 0.106183
0 0.178488 0.133354 0.062698 0.106183
0 0.178488 0.254016 0.062698 0.106183
0 0.166446 0.155301 0.064631 0.079730
0 0.166446 0.245903 0.064631 0.079730
0 0.239891 0.155301 0.064631 0.079730
0 0.239891 0.245903 0.064631 0.079730
0 0.313335 0.155301 0.064631 0.079730
0 0.313335 0.245903 0.064631 0.079730
0 0.226175 0.070285 0.051491 0.055835
0 0.226175 0.133734 0.051491 0.055835
0 0.284688 0.070285 0.051491 0.055835
0 0.284688 0.133734 0.051491 0.055835
0 0.343200 0.070285 0.051491 0.055835
0 0.343200 0.133734 0.051491 0.055835
0 0.320601 0.192794 0.041858 0.060203
0 0.320601 0.261206 0.041858 0.060203
0 0.368167 0.192794 0.041858 0.060203
0 0.368167 0.261206 0.041858 0.060203
0 0.415733 0.192794 0.041858 0.060203
0 0.415733 0.261206 0.041858 0.060203
0 0.083023 0.034481 0.061328 0.060687
0 0.083023 0.103444 0.061328 0.060687
0 0.152714 0.034481 0.061328 0.060687
0 0.152714 0.103444 0.061328 0.060687
0 0.222405 0.034481 0.061328 0.060687
0 0.222405 0.103444 0.061328 0.060687
