0 0.366977 0.520199 0.048805 0.047789
0 0.366977 0.574505 0.048805 0.047789
0 0.422438 0.520199 0.048805 0.047789
0 0.422438 0.574505 0.048805 0.047789
0 0.477898 0.520199 0.048805 0.047789
0 0.477898 0.574505 0.048805 0.047789
0 0.037016 0.583199 0.065152 0.093060
0 0.037016 0.688949 0.065152 0.093060
0 0.111052 0.583199 0.065152 0.093060
0 0.111052 0.688949 0.065152 0.093060
0 0.185089 0.583199 0.065152 0.093060
0 0.185089 0.688949 0.065152 0.093060
0 0.150790 0.528106 0.064365 0.044497
0 0.150790 0.578671 0.064365 0.044497
0 0.223932 0.528106 0.064365 0.044497
0 0.223932 0.578671 0.064365 0.044497
0 0.297075 0.528106 0.064365 0.044497
0 0.297075 0.578671 0.064365 0.044497
0 0.015757 0.516160 0.027732 0.035734
0 0.015757 0.556766 0.027732 0.035734
0 0.047271 0.516160 0.027732 0.035734
0 0.047271 0.556766 0.027732 0.035734
0 0.078785 0.516160 0.027732 0.035734
0 0.078785 0.556766 0.027732 0.035734
0 0.040163 0.482553 0.068643 0.040631
0 0.040163 0.528725 0.068643 0.040631
0 0.118167 0.482553 0.068643 0.040631
0 0.118167 0.528725 0.068643 0.040631
0 0.196170 0.482553 0.068643 0.040631
0 0.196170 0.528725 0.068643 0.040631
0 0.188517 0.456032 0.047230 0.025447
0 0.188517 0.484949 0.047230 0.025447
0 0.242188 0.456032 0.047230 0.025447
0 0.242188 0.484949 0.047230 0.025447
0 0.295858 0.456032 0.047230 0.025447
0 0.295858 0.484949 0.047230 0.025447
0 0.101752 0.684463 0.105745 0.123656
0 0.101752 0.824981 0.105745 0.123656
0 0.221917 0.684463 0.105745 0.123656
0 0.221917 0.824981 0.105745 0.123656
0 0.342082 0.684463 0.105745 0.123656
0 0.342082 0.824981 0.105745 0.123656
