0 0.493866 0.813081 0.119830 0.109662
0 0.493866 0.937697 0.119830 0.109662
0 0.630036 0.813081 0.119830 0.109662
0 0.630036 0.937697 0.119830 0.109662
0 0.766207 0.813081 0.119830 0.109662
0 0.766207 0.937697 0.119830 0.109662
0 0.407507 0.692187 0.068675 0.104667
0 0.407507 0.811127 0.068675 0.104667
0 0.485547 0.692187 0.068675 0.104667
0 0.485547 0.811127 0.068675 0.104667
0 0.563587 0.692187 0.068675 0.104667
0 0.563587 0.811127 0.068675 0.104667
0 0.339955 0.599039 0.055191 0.058874
0 0.339955 0.665942 0.055191 0.058874
0 0.402672 0.599039 0.055191 0.058874
0 0.402672 0.665942 0.055191 0.058874
0 0.465389 0.599039 0.055191 0.058874
0 0.465389 0.665942 0.055191 0.058874
0 0.148771 0.785303 0.092249 0.125958
0 0.148771 0.928437 0.092249 0.125958
0 0.253599 0.785303 0.092249 0.125958
0 0.253599 0.928437 0.092249 0.125958
0 0.358427 0.785303 0.092249 0.125958
0 0.358427 0.928437 0.092249 0.125958
0 0.159983 0.668847 0.063866 0.092115
0 0.159983 0.773523 0.063866 0.092115
0 0.232557 0.668847 0.063866 0.092115
0 0.232557 0.773523 0.063866 0.092115
0 0.305132 0.668847 0.063866 0.092115
0 0.305132 0.773523 0.063866 0.092115
0 0.019748 0.722852 0.034757 0.097533
0 0.019748 0.833685 0.034757 0.097533
0 0.059245 0.722852 0.034757 0.097533
0 0.059245 0.833685 0.034757 0.097533
0 0.098741 0.722852 0.034757 0.097533
0 0.098741 0.833685 0.034757 0.097533
