0 0.034687 0.392383 0.061049 0.040359
0 0.034687 0.438246 0.061049 0.040359
0 0.104060 0.392383 0.061049 0.040359
0 0.104060 0.438246 0.061049 0.040359
0 0.173433 0.392383 0.061049 0.040359
0 0.173433 0.438246 0.061049 0.040359
0 0.040527 0.376573 0.069072 0.061398
0 0.040527 0.446343 0.069072 0.061398
0 0.119019 0.376573 0.069072 0.061398
0 0.119019 0.446343 0.069072 0.061398
0 0.197510 0.376573 0.069072 0.061398
0 0.197510 0.446343 0.069072 0.061398
0 0.169149 0.450616 0.053424 0.041083
0 0.169149 0.497301 0.053424 0.041083
0 0.229858 0.450616 0.053424 0.041083
0 0.229858 0.497301 0.053424 0.041083
0 0.290568 0.450616 0.053424 0.041083
0 0.290568 0.497301 0.053424 0.041083
0 0.037170 0.502360 0.064346 0.070707
0 0.037170 0.582709 0.064346 0.070707
0 0.110291 0.502360 0.064346 0.070707
0 0.110291 0.582709 0.064346 0.070707
0 0.183411 0.502360 0.064346 0.070707
0 0.183411 0.582709 0.064346 0.070707
0 0.286214 0.521267 0.055143 0.064931
0 0.286214 0.595052 0.055143 0.064931
0 0.348877 0.521267 0.055143 0.064931
0 0.348877 0.595052 0.055143 0.064931
0 0.411540 0.521267 0.055143 0.064931
0 0.411540 0.595052 0.055143 0.064931
0 0.125610 0.607802 0.086367 0.112769
0 0.125610 0.735948 0.086367 0.112769
0 0.223755 0.607802 0.086367 0.112769
0 0.223755 0.735948 0.086367 0.112769
0 0.321899 0.607802 0.086367 0.112769
0 0.321899 0.735948 0.086367 0.112769
0 0.040771 0.738932 0.067246 0.150104
0 0.040771 0.909505 0.067246 0.150104
0 0.117188 0.738932 0.067246 0.150104
0 0.117188 0.909505 0.067246 0.150104
0 0.193604 0.738932 0.067246 0.150104
0 0.193604 0.909505 0.067246 0.150104
0 0.011454 0.431898 0.020160 0.030484
0 0.011454 0.466539 0.020160 0.030484
0 0.034363 0.431898 0.020160 0.030484
0 0.034363 0.466539 0.020160 0.030484
0 0.057271 0.431898 0.020160 0.030484
0 0.057271 0.466539 0.020160 0.030484
