0 0.384165 0.344150 0.054048 0.039091
0 0.384165 0.388572 0.054048 0.039091
0 0.445583 0.344150 0.054048 0.039091
0 0.445583 0.388572 0.054048 0.039091
0 0.507002 0.344150 0.054048 0.039091
0 0.507002 0.388572 0.054048 0.039091
0 0.283252 0.420988 0.084630 0.076874
0 0.283252 0.508345 0.084630 0.076874
0 0.379422 0.420988 0.084630 0.076874
0 0.379422 0.508345 0.084630 0.076874
0 0.475592 0.420988 0.084630 0.076874
0 0.475592 0.508345 0.084630 0.076874
0 0.026441 0.508542 0.046532 0.075101
0 0.026441 0.593884 0.046532 0.075101
0 0.079318 0.508542 0.046532 0.075101
0 0.079318 0.593884 0.046532 0.075101
0 0.132194 0.508542 0.046532 0.075101
0 0.132194 0.593884 0.046532 0.075101
0 0.053580 0.391604 0.094090 0.063649
0 0.053580 0.463933 0.094090 0.063649
0 0.160500 0.391604 0.094090 0.063649
0 0.160500 0.463933 0.094090 0.063649
0 0.267420 0.391604 0.094090 0.063649
0 0.267420 0.463933 0.094090 0.063649
0 0.225005 0.319475 0.059478 0.035196
0 0.225005 0.359470 0.059478 0.035196
0 0.292594 0.319475 0.059478 0.035196
0 0.292594 0.359470 0.059478 0.035196
0 0.360182 0.319475 0.059478 0.035196
0 0.360182 0.359470 0.059478 0.035196
0 0.062094 0.291785 0.072760 0.036834
0 0.062094 0.333641 0.072760 0.036834
0 0.144776 0.291785 0.072760 0.036834
0 0.144776 0.333641 0.072760 0.036834
0 0.227458 0.291785 0.072760 0.036834
0 0.227458 0.333641 0.072760 0.036834
0 0.023547 0.334037 0.041447 0.049557
0 0.023547 0.390352 0.041447 0.049557
0 0.070646 0.334037 0.041447 0.049557
0 0.070646 0.390352 0.041447 0.049557
0 0.117745 0.334037 0.041447 0.049557
0 0.117745 0.390352 0.041447 0.049557
0 0.089226 0.632525 0.145574 0.215588
0 0.089226 0.877512 0.145574 0.215588
0 0.254651 0.632525 0.145574 0.215588
0 0.254651 0.877512 0.145574 0.215588
0 0.420076 0.632525 0.145574 0.215588
0 0.420076 0.877512 0.145574 0.215588
