0 0.594795 0.824706 0.137304 0.100740
0 0.594795 0.939183 0.137304 0.100740
0 0.750823 0.824706 0.137304 0.100740
0 0.750823 0.939183 0.137304 0.100740
0 0.906851 0.824706 0.137304 0.100740
0 0.906851 0.939183 0.137304 0.100740
0 0.472521 0.677100 0.100742 0.151625
0 0.472521 0.849400 0.100742 0.151625
0 0.587000 0.677100 0.100742 0.151625
0 0.587000 0.849400 0.100742 0.151625
0 0.701479 0.677100 0.100742 0.151625
0 0.701479 0.849400 0.100742 0.151625
0 0.434790 0.557808 0.050427 0.068049
0 0.434790 0.635137 0.050427 0.068049
0 0.492094 0.557808 0.050427 0.068049
0 0.492094 0.635137 0.050427 0.068049
0 0.549398 0.557808 0.050427 0.068049
0 0.549398 0.635137 0.050427 0.068049
0 0.693415 0.571796 0.097856 0.094193
0 0.693415 0.678833 0.097856 0.094193
0 0.804615 0.571796 0.097856 0.094193
0 0.804615 0.678833 0.097856 0.094193
0 0.915814 0.571796 0.097856 0.094193
0 0.915814 0.678833 0.097856 0.094193
0 0.824210 0.500822 0.061878 0.052185
0 0.824210 0.560123 0.061878 0.052185
0 0.894526 0.500822 0.061878 0.052185
0 0.894526 0.560123 0.061878 0.052185
0 0.964842 0.500822 0.061878 0.052185
0 0.964842 0.560123 0.061878 0.052185
0 0.701377 0.459655 0.059169 0.035823
0 0.701377 0.500363 0.059169 0.035823
0 0.768615 0.459655 0.059169 0.035823
0 0.768615 0.500363 0.059169 0.035823
0 0.835852 0.459655 0.059169 0.035823
0 0.835852 0.500363 0.059169 0.035823
0 0.636434 0.504993 0.040941 0.045723
0 0.636434 0.556951 0.040941 0.045723
0 0.682958 0.504993 0.040941 0.045723
0 0.682958 0.556951 0.040941 0.045723
0 0.729483 0.504993 0.040941 0.045723
0 0.729483 0.556951 0.040941 0.045723
0 0.437663 0.535440 0.039388 0.027761
0 0.437663 0.566986 0.039388 0.027761
0 0.482422 0.535440 0.039388 0.027761
0 0.482422 0.566986 0.039388 0.027761
0 0.527181 0.535440 0.039388 0.027761
0 0.527181 0.566986 0.039388 0.027761
