0 0.441505 0.776470 0.073507 0.085967
0 0.441505 0.874160 0.073507 0.085967
0 0.525036 0.776470 0.073507 0.085967
0 0.525036 0.874160 0.073507 0.085967
0 0.608568 0.776470 0.073507 0.085967
0 0.608568 0.874160 0.073507 0.085967
0 0.156939 0.714088 0.064060 0.072380
0 0.156939 0.796338 0.064060 0.072380
0 0.229734 0.714088 0.064060 0.072380
0 0.229734 0.796338 0.064060 0.072380
0 0.302530 0.714088 0.064060 0.072380
0 0.302530 0.796338 0.064060 0.072380
0 0.205403 0.834685 0.081999 0.093101
0 0.205403 0.940481 0.081999 0.093101
0 0.298583 0.834685 0.081999 0.093101
0 0.298583 0.940481 0.081999 0.093101
0 0.391764 0.834685 0.081999 0.093101
0 0.391764 0.940481 0.081999 0.093101
0 0.341226 0.670056 0.057006 0.053615
0 0.341226 0.730981 0.057006 0.053615
0 0.406005 0.670056 0.057006 0.053615
0 0.406005 0.730981 0.057006 0.053615
0 0.470785 0.670056 0.057006 0.053615
0 0.470785 0.730981 0.057006 0.053615
0 0.023186 0.760530 0.040802 0.076197
0 0.023186 0.847118 0.040802 0.076197
0 0.069552 0.760530 0.040802 0.076197
0 0.069552 0.847118 0.040802 0.076197
0 0.115918 0.760530 0.040802 0.076197
0 0.115918 0.847118 0.040802 0.076197
0 0.030375 0.889056 0.053460 0.063881
0 0.030375 0.961648 0.053460 0.063881
0 0.091125 0.889056 0.053460 0.063881
0 0.091125 0.961648 0.053460 0.063881
0 0.151875 0.889056 0.053460 0.063881
0 0.151875 0.961648 0.053460 0.063881
