0 0.347328 0.805005 0.068173 0.111752
0 0.347328 0.931995 0.068173 0.111752
0 0.424797 0.805005 0.068173 0.111752
0 0.424797 0.931995 0.068173 0.111752
0 0.502266 0.805005 0.068173 0.111752
0 0.502266 0.931995 0.068173 0.111752
0 0.447441 0.690451 0.047288 0.064945
0 0.447441 0.764252 0.047288 0.064945
0 0.501177 0.690451 0.047288 0.064945
0 0.501177 0.764252 0.047288 0.064945
0 0.554913 0.690451 0.047288 0.064945
0 0.554913 0.764252 0.047288 0.064945
0 0.497932 0.625069 0.035319 0.040863
0 0.497932 0.671505 0.035319 0.040863
0 0.538068 0.625069 0.035319 0.040863
0 0.538068 0.671505 0.035319 0.040863
0 0.578203 0.625069 0.035319 0.040863
0 0.578203 0.671505 0.035319 0.040863
0 0.201068 0.735382 0.067425 0.088354
0 0.201068 0.835785 0.067425 0.088354
0 0.277687 0.735382 0.067425 0.088354
0 0.277687 0.835785 0.067425 0.088354
0 0.354307 0.735382 0.067425 0.088354
0 0.354307 0.835785 0.067425 0.088354
0 0.327585 0.641850 0.044883 0.052739
0 0.327585 0.701780 0.044883 0.052739
0 0.378589 0.641850 0.044883 0.052739
0 0.378589 0.701780 0.044883 0.052739
0 0.429592 0.641850 0.044883 0.052739
0 0.429592 0.701780 0.044883 0.052739
0 0.398835 0.590931 0.035075 0.036463
0 0.398835 0.632366 0.035075 0.036463
0 0.438693 0.590931 0.035075 0.036463
0 0.438693 0.632366 0.035075 0.036463
0 0.478550 0.590931 0.035075 0.036463
0 0.478550 0.632366 0.035075 0.036463
0 0.092425 0.680032 0.064127 0.062912
0 0.092425 0.751523 0.064127 0.062912
0 0.165297 0.680032 0.064127 0.062912
0 0.165297 0.751523 0.064127 0.062912
0 0.238168 0.680032 0.064127 0.062912
0 0.238168 0.751523 0.064127 0.062912
0 0.227328 0.608100 0.047185 0.038154
0 0.227328 0.651456 0.047185 0.038154
0 0.280948 0.608100 0.047185 0.038154
0 0.280948 0.651456 0.047185 0.038154
0 0.334568 0.608100 0.047185 0.038154
0 0.334568 0.651456 0.047185 0.038154
0 0.317168 0.566826 0.035721 0.030698
0 0.317168 0.601711 0.035721 0.030698
0 0.357760 0.566826 0.035721 0.030698
0 0.357760 0.601711 0.035721 0.030698
0 0.398352 0.566826 0.035721 0.030698
0 0.398352 0.601711 0.035721 0.030698
