0 0.735469 0.489475 0.059221 0.065670
0 0.735469 0.564100 0.059221 0.065670
0 0.802766 0.489475 0.059221 0.065670
0 0.802766 0.564100 0.059221 0.065670
0 0.870062 0.489475 0.059221 0.065670
0 0.870062 0.564100 0.059221 0.065670
0 0.568382 0.438167 0.053894 0.056858
0 0.568382 0.502778 0.053894 0.056858
0 0.629625 0.438167 0.053894 0.056858
0 0.629625 0.502778 0.053894 0.056858
0 0.690868 0.438167 0.053894 0.056858
0 0.690868 0.502778 0.053894 0.056858
0 0.437748 0.393039 0.048562 0.050759
0 0.437748 0.450720 0.048562 0.050759
0 0.492932 0.393039 0.048562 0.050759
0 0.492932 0.450720 0.048562 0.050759
0 0.548116 0.393039 0.048562 0.050759
0 0.548116 0.450720 0.048562 0.050759
0 0.771786 0.401141 0.048272 0.048722
0 0.771786 0.456507 0.048272 0.048722
0 0.826641 0.401141 0.048272 0.048722
0 0.826641 0.456507 0.048272 0.048722
0 0.881495 0.401141 0.048272 0.048722
0 0.881495 0.456507 0.048272 0.048722
0 0.624873 0.366813 0.045615 0.037192
0 0.624873 0.409076 0.045615 0.037192
0 0.676708 0.366813 0.045615 0.037192
0 0.676708 0.409076 0.045615 0.037192
0 0.728543 0.366813 0.045615 0.037192
0 0.728543 0.409076 0.045615 0.037192
0 0.498873 0.334213 0.043846 0.032788
0 0.498873 0.371472 0.043846 0.032788
0 0.548698 0.334213 0.043846 0.032788
0 0.548698 0.371472 0.043846 0.032788
0 0.598523 0.334213 0.043846 0.032788
0 0.598523 0.371472 0.043846 0.032788
0 0.791602 0.334410 0.043433 0.037200
0 0.791602 0.376683 0.043433 0.037200
0 0.840958 0.334410 0.043433 0.037200
0 0.840958 0.376683 0.043433 0.037200
0 0.890314 0.334410 0.043433 0.037200
0 0.890314 0.376683 0.043433 0.037200
0 0.668639 0.309718 0.037846 0.034491
0 0.668639 0.348912 0.037846 0.034491
0 0.711646 0.309718 0.037846 0.034491
0 0.711646 0.348912 0.037846 0.034491
0 0.754653 0.309718 0.037846 0.034491
0 0.754653 0.348912 0.037846 0.034491
0 0.550807 0.282336 0.039004 0.027031
0 0.550807 0.313053 0.039004 0.027031
0 0.595130 0.282336 0.039004 0.027031
0 0.595130 0.313053 0.039004 0.027031
0 0.639453 0.282336 0.039004 0.027031
0 0.639453 0.313053 0.039004 0.027031
