0 0.6873480902777778 0.2977647569444445 0.07709056712962958 0.07747395833333326
0 0.51869708984375 0.710578982421875 0.36422196875 0.578835298828125 0.22262903515625 0.63695537890625 0.354532236328125 0.81237258984375 0.51869708984375 0.710578982421875
0 0.35529659375 0.579873916015625 0.263264978515625 0.4882253046875 0.13601559375 0.531371984375 0.218134654296875 0.63675562890625 0.35529659375 0.579873916015625
0 0.676857482421875 0.615696013671875 0.515191 0.513775017578125 0.41013066015625 0.561095205078125 0.563708728515625 0.682436193359375 0.676857482421875 0.615696013671875
0 0.51285059375 0.512236701171875 0.40207720703125 0.43984932421875 0.302705958984375 0.47418893359375 0.404720087890625 0.556845517578125 0.51285059375 0.512236701171875
0 0.792717341796875 0.543334125 0.637327056640625 0.4603529765625 0.55287872265625 0.50128746484375 0.714181986328125 0.595824376953125 0.792717341796875 0.543334125
0 0.5111777109375 0.404507828125 0.432295189453125 0.432580544921875 0.549611640625 0.49913765234375 0.63074147265625 0.462930884765625 0.5111777109375 0.404507828125
1 0.386400083984375 0.57138258984375 0.194774013671875 0.656165392578125 0.20669979296875 0.692772376953125 0.21852515625 0.68695436328125 0.219479904296875 0.66854136328125 0.400495296875 0.588412759765625 0.406393412109375 0.596877759765625 0.412715884765625 0.5971587578125 0.406357802734375 0.575345673828125 0.39512751953125 0.56971976171875 0.386400083984375 0.57138258984375
1 0.680195478515625 0.604945310546875 0.681911478515625 0.6162995078125 0.693618546875 0.612719392578125 0.694104666015625 0.592234849609375 0.6660029453125 0.57868259765625 0.52114518359375 0.6614435625 0.513219201171875 0.6920765390625 0.529572525390625 0.71000590625 0.54373816796875 0.703458990234375 0.542862669921875 0.687015361328125 0.534612580078125 0.679472189453125 0.6749781171875 0.594460853515625 0.680195478515625 0.604945310546875
1 0.112107306640625 0.54681333984375 0.119297849609375 0.5657336875 0.127345041015625 0.56609133984375 0.1300239453125 0.54775496875 0.288968712890625 0.493302740234375 0.29454861328125 0.50790473828125 0.299464634765625 0.501971083984375 0.289189607421875 0.477933197265625 0.279312171875 0.479544916015625 0.112107306640625 0.54681333984375
1 0.525809560546875 0.51211805859375 0.532450248046875 0.506262056640625 0.529585369140625 0.494856798828125 0.519504525390625 0.489281974609375 0.508115107421875 0.4867250625 0.36975638671875 0.54414294140625 0.36221209765625 0.563657279296875 0.3732321015625 0.577106853515625 0.386663943359375 0.57360239453125 0.385522662109375 0.562273740234375 0.38129621875 0.554908396484375 0.514376380859375 0.49930662890625 0.525809560546875 0.51211805859375
1 0.674367802734375 0.45852925390625 0.66955730859375 0.462416884765625 0.657752306640625 0.4567654296875 0.6479284765625 0.457354171875 0.5359741171875 0.516968931640625 0.555648025390625 0.526047189453125 0.56014896875 0.517020015625 0.659414701171875 0.4691426015625 0.673413107421875 0.47694125390625 0.68553632421875 0.47645570703125 0.686013724609375 0.46724870703125 0.674367802734375 0.45852925390625
1 0.422406748046875 0.4514324140625 0.4366698125 0.454116041015625 0.439499642578125 0.44398923828125 0.531125615234375 0.41012628125 0.54386787890625 0.419920822265625 0.557939189453125 0.419145994140625 0.543310646484375 0.397339193359375 0.52904758203125 0.39465556640625 0.433654517578125 0.434502240234375 0.4263417421875 0.431101154296875 0.415359193359375 0.442916330078125 0.422406748046875 0.4514324140625
1 0.632338208984375 0.41359926171875 0.621709484375 0.4408095234375 0.648397107421875 0.45942571484375 0.65399449609375 0.45147162890625 0.634097923828125 0.4352089765625 0.642162603515625 0.413010544921875 0.641136126953125 0.38835834765625 0.579131326171875 0.362021359375 0.5804130078125 0.32619381640625 0.56594653515625 0.316323646484375 0.56187709375 0.327682314453125 0.571579482421875 0.32990264453125 0.56898051171875 0.38002564453125 0.6311444453125 0.4032936328125 0.632338208984375 0.41359926171875
1 0.78351969140625 0.397762578125 0.7836969453125 0.43878175 0.78215004296875 0.47972429296875 0.7686477734375 0.50680583984375 0.771928798828125 0.521305666015625 0.7874922265625 0.532249947265625 0.790064990234375 0.515960576171875 0.781867435546875 0.50739337890625 0.795626771484375 0.48647440234375 0.79712878515625 0.435277291015625 0.794520359375 0.430035576171875 0.79594373828125 0.413694119140625 0.811250099609375 0.41847583203125 0.813254123046875 0.39756060546875 0.7999311640625 0.392340833984375 0.78351969140625 0.397762578125
