0 0.732797 0.498347 0.061385 0.081278
0 0.732797 0.590708 0.061385 0.081278
0 0.802552 0.498347 0.061385 0.081278
0 0.802552 0.590708 0.061385 0.081278
0 0.872307 0.498347 0.061385 0.081278
0 0.872307 0.590708 0.061385 0.081278
0 0.574095 0.440481 0.057075 0.060932
0 0.574095 0.509722 0.057075 0.060932
0 0.638953 0.440481 0.057075 0.060932
0 0.638953 0.509722 0.057075 0.060932
0 0.703811 0.440481 0.057075 0.060932
0 0.703811 0.509722 0.057075 0.060932
0 0.453877 0.388407 0.047161 0.050763
0 0.453877 0.446093 0.047161 0.050763
0 0.507469 0.388407 0.047161 0.050763
0 0.507469 0.446093 0.047161 0.050763
0 0.561061 0.388407 0.047161 0.050763
0 0.561061 0.446093 0.047161 0.050763
0 0.521656 0.328044 0.044990 0.038219
0 0.521656 0.371475 0.044990 0.038219
0 0.572781 0.328044 0.044990 0.038219
0 0.572781 0.371475 0.044990 0.038219
0 0.623906 0.328044 0.044990 0.038219
0 0.623906 0.371475 0.044990 0.038219
0 0.642455 0.363528 0.046758 0.043641
0 0.642455 0.413120 0.046758 0.043641
0 0.695589 0.363528 0.046758 0.043641
0 0.695589 0.413120 0.046758 0.043641
0 0.748722 0.363528 0.046758 0.043641
0 0.748722 0.413120 0.046758 0.043641
0 0.781045 0.406731 0.052343 0.046347
0 0.781045 0.459398 0.052343 0.046347
0 0.840526 0.406731 0.052343 0.046347
0 0.840526 0.459398 0.052343 0.046347
0 0.900007 0.406731 0.052343 0.046347
0 0.900007 0.459398 0.052343 0.046347
0 0.821259 0.344250 0.045212 0.034141
0 0.821259 0.383046 0.045212 0.034141
0 0.872635 0.344250 0.045212 0.034141
0 0.872635 0.383046 0.045212 0.034141
0 0.924012 0.344250 0.045212 0.034141
0 0.924012 0.383046 0.045212 0.034141
0 0.694970 0.308178 0.038352 0.031774
0 0.694970 0.344285 0.038352 0.031774
0 0.738552 0.308178 0.038352 0.031774
0 0.738552 0.344285 0.038352 0.031774
0 0.782134 0.308178 0.038352 0.031774
0 0.782134 0.344285 0.038352 0.031774
0 0.584660 0.280600 0.039001 0.028050
0 0.584660 0.312475 0.039001 0.028050
0 0.628979 0.280600 0.039001 0.028050
0 0.628979 0.312475 0.039001 0.028050
0 0.673299 0.280600 0.039001 0.028050
0 0.673299 0.312475 0.039001 0.028050
