0 0.070356 0.478630 0.123822 0.242147
0 0.070356 0.753796 0.123822 0.242147
0 0.211063 0.478630 0.123822 0.242147
0 0.211063 0.753796 0.123822 0.242147
0 0.351769 0.478630 0.123822 0.242147
0 0.351769 0.753796 0.123822 0.242147
0 0.044321 0.103324 0.078005 0.103090
0 0.044321 0.220472 0.078005 0.103090
0 0.132964 0.103324 0.078005 0.103090
0 0.132964 0.220472 0.078005 0.103090
0 0.221606 0.103324 0.078005 0.103090
0 0.221606 0.220472 0.078005 0.103090
0 0.246785 0.335743 0.069966 0.108806
0 0.246785 0.459387 0.069966 0.108806
0 0.326292 0.335743 0.069966 0.108806
0 0.326292 0.459387 0.069966 0.108806
0 0.405799 0.335743 0.069966 0.108806
0 0.405799 0.459387 0.069966 0.108806
