0 0.046927 0.617512 0.082587 0.213608
0 0.046927 0.860248 0.082587 0.213608
0 0.140776 0.617512 0.082587 0.213608
0 0.140776 0.860248 0.082587 0.213608
0 0.234625 0.617512 0.082587 0.213608
0 0.234625 0.860248 0.082587 0.213608
0 0.216115 0.495058 0.070987 0.108089
0 0.216115 0.617887 0.070987 0.108089
0 0.296781 0.495058 0.070987 0.108089
0 0.296781 0.617887 0.070987 0.108089
0 0.377448 0.495058 0.070987 0.108089
0 0.377448 0.617887 0.070987 0.108089
0 0.079333 0.338998 0.075006 0.069850
0 0.079333 0.418373 0.075006 0.069850
0 0.164568 0.338998 0.075006 0.069850
0 0.164568 0.418373 0.075006 0.069850
0 0.249802 0.338998 0.075006 0.069850
0 0.249802 0.418373 0.075006 0.069850
0 0.021222 0.360350 0.037347 0.091475
0 0.021222 0.464299 0.037347 0.091475
0 0.063661 0.360350 0.037347 0.091475
0 0.063661 0.464299 0.037347 0.091475
0 0.106101 0.360350 0.037347 0.091475
0 0.106101 0.464299 0.037347 0.091475
0 0.033672 0.218616 0.058832 0.059441
0 0.033672 0.286162 0.058832 0.059441
0 0.100526 0.218616 0.058832 0.059441
0 0.100526 0.286162 0.058832 0.059441
0 0.167380 0.218616 0.058832 0.059441
0 0.167380 0.286162 0.058832 0.059441
0 0.162681 0.232750 0.046550 0.044880
0 0.162681 0.283750 0.046550 0.044880
0 0.215578 0.232750 0.046550 0.044880
0 0.215578 0.283750 0.046550 0.044880
0 0.268476 0.232750 0.046550 0.044880
0 0.268476 0.283750 0.046550 0.044880
0 0.245292 0.332002 0.047570 0.049749
0 0.245292 0.388535 0.047570 0.049749
0 0.299349 0.332002 0.047570 0.049749
0 0.299349 0.388535 0.047570 0.049749
0 0.353406 0.332002 0.047570 0.049749
0 0.353406 0.388535 0.047570 0.049749
0 0.344434 0.440069 0.049329 0.076503
0 0.344434 0.527005 0.049329 0.076503
0 0.400490 0.440069 0.049329 0.076503
0 0.400490 0.527005 0.049329 0.076503
0 0.456545 0.440069 0.049329 0.076503
0 0.456545 0.527005 0.049329 0.076503
