0 0.583457224609375 0.651598267578125 0.37315973046875 0.53825904296875 0.244425509765625 0.61911128125 0.45179365625 0.768510724609375 0.583457224609375 0.651598267578125
1 0.590024501953125 0.620719607421875 0.70102514453125 0.52484400390625 0.708660466796875 0.52738137109375 0.706416392578125 0.510007162109375 0.700802328125 0.4947636640625 0.695555966796875 0.47201599609375 0.68213607421875 0.4769465859375 0.68477398828125 0.501687806640625 0.688210294921875 0.508581650390625 0.571679140625 0.60049352734375 0.571061248046875 0.631293943359375 0.58930076953125 0.6372317421875 0.590024501953125 0.620719607421875
1 0.38160057421875 0.531807927734375 0.38148916796875 0.51676823046875 0.502826568359375 0.4453321953125 0.507630490234375 0.449485396484375 0.509114228515625 0.43729512890625 0.498499421875 0.4323909375 0.365315998046875 0.504140388671875 0.3533869453125 0.493173103515625 0.3475500078125 0.5049857578125 0.353152935546875 0.5187254765625 0.38160057421875 0.531807927734375
1 0.56297534765625 0.45134338671875 0.647232515625 0.4010873671875 0.665477611328125 0.407777529296875 0.67271054296875 0.401003869140625 0.664931662109375 0.391218369140625 0.6577581953125 0.393959421875 0.64458678125 0.386705017578125 0.547720869140625 0.448522880859375 0.548261244140625 0.4643296796875 0.55926603125 0.464737265625 0.56297534765625 0.45134338671875
1 0.41192021875 0.395378833984375 0.493710439453125 0.35480475390625 0.50558935546875 0.35900360546875 0.516969912109375 0.354288521484375 0.510991755859375 0.3456724375 0.503395416015625 0.348397828125 0.493203482421875 0.343509298828125 0.394488513671875 0.384208693359375 0.39120817578125 0.39837061328125 0.411569228515625 0.40513914453125 0.41192021875 0.395378833984375
1 0.528117095703125 0.31548341015625 0.603575025390625 0.334064931640625 0.605763927734375 0.3439193125 0.594541841796875 0.3713202421875 0.5976327265625 0.388725814453125 0.63239030078125 0.39677876171875 0.63909580078125 0.3880059609375 0.633097853515625 0.378010501953125 0.610185767578125 0.369644123046875 0.616802138671875 0.34883918359375 0.61359374609375 0.315641529296875 0.537701806640625 0.295540568359375 0.531837072265625 0.246456802734375 0.5102453359375 0.244905896484375 0.51214033203125 0.260668373046875 0.5252095625 0.265757958984375 0.528117095703125 0.31548341015625
0 0.22909498046875 0.45864123828125 0.104243822265625 0.512656041015625 0.2351064765625 0.617489544921875 0.36825934765625 0.53881553125 0.22909498046875 0.45864123828125
0 0.710581419921875 0.537315595703125 0.51448766015625 0.456378375 0.415960541015625 0.5174836640625 0.6227319140625 0.616757552734375 0.710581419921875 0.537315595703125
0 0.362123861328125 0.395103091796875 0.26768086328125 0.44122296484375 0.409128994140625 0.51412185546875 0.507653826171875 0.4526356796875 0.362123861328125 0.395103091796875
0 0.79841421484375 0.45561749609375 0.617702517578125 0.394796603515625 0.54540103515625 0.443534716796875 0.7391962265625 0.515822046875 0.79841421484375 0.45561749609375
0 0.47475121875 0.3474021328125 0.38916309375 0.3893389140625 0.540050765625 0.43913638671875 0.611782552734375 0.3953285546875 0.47475121875 0.3474021328125
1 0.77327237109375 0.353560001953125 0.77631869140625 0.3649495078125 0.77532194921875 0.40174936328125 0.767001353515625 0.420987814453125 0.771373587890625 0.43994421484375 0.78281291796875 0.44187126171875 0.779359908203125 0.432722216796875 0.79138371484375 0.3993375078125 0.79148404296875 0.355737876953125 0.787150796875 0.342045185546875 0.79000773046875 0.327867580078125 0.80271812109375 0.32392555859375 0.7991695625 0.307908130859375 0.77376825 0.30621612890625 0.77327237109375 0.353560001953125
