0 0.401731 0.416194 0.021838 0.026319
0 0.401731 0.446102 0.021838 0.026319
0 0.426547 0.416194 0.021838 0.026319
0 0.426547 0.446102 0.021838 0.026319
0 0.451363 0.416194 0.021838 0.026319
0 0.451363 0.446102 0.021838 0.026319
0 0.469726 0.430074 0.017759 0.026319
0 0.469726 0.459981 0.017759 0.026319
0 0.489906 0.430074 0.017759 0.026319
0 0.489906 0.459981 0.017759 0.026319
0 0.510087 0.430074 0.017759 0.026319
0 0.510087 0.459981 0.017759 0.026319
0 0.528531 0.439141 0.022715 0.030046
0 0.528531 0.473285 0.022715 0.030046
0 0.554344 0.439141 0.022715 0.030046
0 0.554344 0.473285 0.022715 0.030046
0 0.580156 0.439141 0.022715 0.030046
0 0.580156 0.473285 0.022715 0.030046
0 0.452437 0.394012 0.017123 0.015803
0 0.452437 0.411970 0.017123 0.015803
0 0.471896 0.394012 0.017123 0.015803
0 0.471896 0.411970 0.017123 0.015803
0 0.491354 0.394012 0.017123 0.015803
0 0.491354 0.411970 0.017123 0.015803
0 0.498806 0.403458 0.018518 0.020216
0 0.498806 0.426431 0.018518 0.020216
0 0.519849 0.403458 0.018518 0.020216
0 0.519849 0.426431 0.018518 0.020216
0 0.540892 0.403458 0.018518 0.020216
0 0.540892 0.426431 0.018518 0.020216
0 0.547481 0.410796 0.019404 0.016818
0 0.547481 0.429907 0.019404 0.016818
0 0.569531 0.410796 0.019404 0.016818
0 0.569531 0.429907 0.019404 0.016818
0 0.591582 0.410796 0.019404 0.016818
0 0.591582 0.429907 0.019404 0.016818
