0 0.555087 0.107639 0.156609 0.189444
0 0.555087 0.322917 0.156609 0.189444
0 0.733052 0.107639 0.156609 0.189444
0 0.733052 0.322917 0.156609 0.189444
0 0.911017 0.107639 0.156609 0.189444
0 0.911017 0.322917 0.156609 0.189444
0 0.805991 0.041391 0.066315 0.063307
0 0.805991 0.113331 0.066315 0.063307
0 0.881349 0.041391 0.066315 0.063307
0 0.881349 0.113331 0.066315 0.063307
0 0.956707 0.041391 0.066315 0.063307
0 0.956707 0.113331 0.066315 0.063307
0 0.128491 0.251447 0.226145 0.433037
0 0.128491 0.743535 0.226145 0.433037
0 0.385474 0.251447 0.226145 0.433037
0 0.385474 0.743535 0.226145 0.433037
0 0.642457 0.251447 0.226145 0.433037
0 0.642457 0.743535 0.226145 0.433037
