0 0.030373 0.583852 0.052815 0.056385
0 0.030373 0.647926 0.052815 0.056385
0 0.090391 0.583852 0.052815 0.056385
0 0.090391 0.647926 0.052815 0.056385
0 0.150408 0.583852 0.052815 0.056385
0 0.150408 0.647926 0.052815 0.056385
0 0.026998 0.720375 0.047517 0.104842
0 0.026998 0.839514 0.047517 0.104842
0 0.080995 0.720375 0.047517 0.104842
0 0.080995 0.839514 0.047517 0.104842
0 0.134991 0.720375 0.047517 0.104842
0 0.134991 0.839514 0.047517 0.104842
0 0.249752 0.706255 0.072892 0.100915
0 0.249752 0.820931 0.072892 0.100915
0 0.332583 0.706255 0.072892 0.100915
0 0.332583 0.820931 0.072892 0.100915
0 0.415415 0.706255 0.072892 0.100915
0 0.415415 0.820931 0.072892 0.100915
0 0.062549 0.634132 0.084524 0.076572
0 0.062549 0.721146 0.084524 0.076572
0 0.158599 0.634132 0.084524 0.076572
0 0.158599 0.721146 0.084524 0.076572
0 0.254649 0.634132 0.084524 0.076572
0 0.254649 0.721146 0.084524 0.076572
0 0.068979 0.837387 0.109950 0.095403
0 0.068979 0.945799 0.109950 0.095403
0 0.193922 0.837387 0.109950 0.095403
0 0.193922 0.945799 0.109950 0.095403
0 0.318865 0.837387 0.109950 0.095403
0 0.318865 0.945799 0.109950 0.095403
