0 0.673622 0.801861 0.114884 0.116241
0 0.673622 0.933954 0.114884 0.116241
0 0.804172 0.801861 0.114884 0.116241
0 0.804172 0.933954 0.114884 0.116241
0 0.934722 0.801861 0.114884 0.116241
0 0.934722 0.933954 0.114884 0.116241
0 0.502441 0.680856 0.080242 0.087829
0 0.502441 0.780662 0.080242 0.087829
0 0.593625 0.680856 0.080242 0.087829
0 0.593625 0.780662 0.080242 0.087829
0 0.684809 0.680856 0.080242 0.087829
0 0.684809 0.780662 0.080242 0.087829
0 0.442075 0.581757 0.050928 0.049366
0 0.442075 0.637854 0.050928 0.049366
0 0.499948 0.581757 0.050928 0.049366
0 0.499948 0.637854 0.050928 0.049366
0 0.557821 0.581757 0.050928 0.049366
0 0.557821 0.637854 0.050928 0.049366
0 0.811087 0.711685 0.066497 0.092530
0 0.811087 0.816833 0.066497 0.092530
0 0.886651 0.711685 0.066497 0.092530
0 0.886651 0.816833 0.066497 0.092530
0 0.962215 0.711685 0.066497 0.092530
0 0.962215 0.816833 0.066497 0.092530
0 0.898616 0.633921 0.035602 0.044823
0 0.898616 0.684856 0.035602 0.044823
0 0.939073 0.633921 0.035602 0.044823
0 0.939073 0.684856 0.035602 0.044823
0 0.979530 0.633921 0.035602 0.044823
0 0.979530 0.684856 0.035602 0.044823
0 0.656064 0.612449 0.066581 0.067931
0 0.656064 0.689644 0.066581 0.067931
0 0.731724 0.612449 0.066581 0.067931
0 0.731724 0.689644 0.066581 0.067931
0 0.807384 0.612449 0.066581 0.067931
0 0.807384 0.689644 0.066581 0.067931
0 0.637219 0.531826 0.046544 0.037787
0 0.637219 0.574766 0.046544 0.037787
0 0.690109 0.531826 0.046544 0.037787
0 0.690109 0.574766 0.046544 0.037787
0 0.743000 0.531826 0.046544 0.037787
0 0.743000 0.574766 0.046544 0.037787
0 0.755066 0.576426 0.058861 0.046119
0 0.755066 0.628833 0.058861 0.046119
0 0.821953 0.576426 0.058861 0.046119
0 0.821953 0.628833 0.058861 0.046119
0 0.888840 0.576426 0.058861 0.046119
0 0.888840 0.628833 0.058861 0.046119
