0 0.130906 0.560708 0.071088 0.062374
0 0.130906 0.631588 0.071088 0.062374
0 0.211688 0.560708 0.071088 0.062374
0 0.211688 0.631588 0.071088 0.062374
0 0.292469 0.560708 0.071088 0.062374
0 0.292469 0.631588 0.071088 0.062374
0 0.375646 0.542991 0.050013 0.048107
0 0.375646 0.597657 0.050013 0.048107
0 0.432479 0.542991 0.050013 0.048107
0 0.432479 0.597657 0.050013 0.048107
0 0.489312 0.542991 0.050013 0.048107
0 0.489312 0.597657 0.050013 0.048107
0 0.266422 0.502458 0.049486 0.040390
0 0.266422 0.548356 0.049486 0.040390
0 0.322656 0.502458 0.049486 0.040390
0 0.322656 0.548356 0.049486 0.040390
0 0.378891 0.502458 0.049486 0.040390
0 0.378891 0.548356 0.049486 0.040390
0 0.286703 0.615021 0.063951 0.075627
0 0.286703 0.700961 0.063951 0.075627
0 0.359375 0.615021 0.063951 0.075627
0 0.359375 0.700961 0.063951 0.075627
0 0.432047 0.615021 0.063951 0.075627
0 0.432047 0.700961 0.063951 0.075627
0 0.037333 0.512560 0.064524 0.051227
0 0.037333 0.570773 0.064524 0.051227
0 0.110656 0.512560 0.064524 0.051227
0 0.110656 0.570773 0.064524 0.051227
0 0.183979 0.512560 0.064524 0.051227
0 0.183979 0.570773 0.064524 0.051227
0 0.178203 0.468287 0.047813 0.030132
0 0.178203 0.502528 0.047813 0.030132
0 0.232536 0.468287 0.047813 0.030132
0 0.232536 0.502528 0.047813 0.030132
0 0.286870 0.468287 0.047813 0.030132
0 0.286870 0.502528 0.047813 0.030132
0 0.347009 0.467706 0.036224 0.027944
0 0.347009 0.499461 0.036224 0.027944
0 0.388172 0.467706 0.036224 0.027944
0 0.388172 0.499461 0.036224 0.027944
0 0.429335 0.467706 0.036224 0.027944
0 0.429335 0.499461 0.036224 0.027944
0 0.264587 0.444280 0.036224 0.023365
0 0.264587 0.470831 0.036224 0.023365
0 0.305750 0.444280 0.036224 0.023365
0 0.305750 0.470831 0.036224 0.023365
0 0.346913 0.444280 0.036224 0.023365
0 0.346913 0.470831 0.036224 0.023365
0 0.439335 0.497081 0.035978 0.033835
0 0.439335 0.535530 0.035978 0.033835
0 0.480219 0.497081 0.035978 0.033835
0 0.480219 0.535530 0.035978 0.033835
0 0.521102 0.497081 0.035978 0.033835
0 0.521102 0.535530 0.035978 0.033835
