1 0.84938203125 0.671045009765625 0.860790234375 0.64658102734375 0.86030902734375 0.638441091796875 0.682007255859375 0.555553876953125 0.674459884765625 0.55419114453125 0.661962041015625 0.57428367578125 0.66447037890625 0.581620267578125 0.670861259765625 0.5704654765625 0.837711302734375 0.649098712890625 0.838671705078125 0.66530550390625 0.84938203125 0.671045009765625
1 0.9378629140625 0.567984439453125 0.94405783984375 0.546495294921875 0.943206146484375 0.539150634765625 0.786194236328125 0.479541751953125 0.780348501953125 0.478891083984375 0.77112240234375 0.498197873046875 0.7763140390625 0.501807322265625 0.780480201171875 0.495110150390625 0.92678172265625 0.548978498046875 0.927654822265625 0.563712037109375 0.9378629140625 0.567984439453125
1 0.70517635546875 0.5551344296875 0.700544560546875 0.532597830078125 0.5700643203125 0.47308191015625 0.552526701171875 0.485139111328125 0.553552755859375 0.49544572265625 0.567621447265625 0.48786457421875 0.69062675390625 0.540603505859375 0.686002587890625 0.546570189453125 0.68591602734375 0.55910612890625 0.693594357421875 0.56267873828125 0.70517635546875 0.5551344296875
1 0.540535349609375 0.6666960234375 0.56166138671875 0.652042275390625 0.557460521484375 0.630316880859375 0.435457677734375 0.552494814453125 0.42337328125 0.54456281640625 0.3990960859375 0.56188076953125 0.39922778515625 0.5780998359375 0.404767955078125 0.573594126953125 0.42160725 0.563759087890625 0.543238873046875 0.64232495703125 0.535473921875 0.651287259765625 0.53612876171875 0.662337671875 0.540535349609375 0.6666960234375
1 0.52372421875 0.509896828125 0.53841464453125 0.504108462890625 0.54510037109375 0.492621853515625 0.534521 0.489092224609375 0.433655580078125 0.4389743828125 0.417754296875 0.443633591796875 0.40634638671875 0.4541254375 0.41830034765625 0.45984651953125 0.430471884765625 0.455242568359375 0.52269873828125 0.499590208984375 0.52372421875 0.509896828125
1 0.292003083984375 0.3924315078125 0.305197404296875 0.392214412109375 0.306485435546875 0.406941802734375 0.302166892578125 0.41806589453125 0.306312580078125 0.460031052734375 0.315540271484375 0.48275081640625 0.30925876171875 0.488743080078125 0.311658310546875 0.50124219140625 0.3263164765625 0.496600369140625 0.33270741796875 0.485446603515625 0.31870237890625 0.4591102265625 0.314621931640625 0.425254099609375 0.3190278359375 0.415604287109375 0.31315902734375 0.379562833984375 0.308054630859375 0.377425607421875 0.300790654296875 0.373846861328125 0.286874404296875 0.3770021171875 0.292003083984375 0.3924315078125
1 0.51841662890625 0.329333470703125 0.524973953125 0.326167791015625 0.523171005859375 0.31156747265625 0.5086659609375 0.3257915625 0.5106740703125 0.35967839453125 0.44951145703125 0.377542798828125 0.4478548984375 0.40558471484375 0.45640632421875 0.423890861328125 0.435596962890625 0.4367338046875 0.44246881640625 0.44769211328125 0.466265943359375 0.43627944921875 0.46772709375 0.425934962890625 0.45867401171875 0.406161703125 0.45847723828125 0.395842806640625 0.513554369140625 0.380280375 0.51920326953125 0.370611119140625 0.51841662890625 0.329333470703125
0 0.699692705078125 0.77085646484375 0.83340730859375 0.624333083984375 0.707450267578125 0.5657675078125 0.5562906328125 0.6749185859375 0.699692705078125 0.77085646484375
0 0.711092708984375 0.564239 0.840229822265625 0.62217258984375 0.91868536328125 0.532408908203125 0.807022994140625 0.489086470703125 0.711092708984375 0.564239
0 0.516086986328125 0.645371501953125 0.663538482421875 0.54344316796875 0.564964337890625 0.49718471484375 0.416203123046875 0.57680628515625 0.516086986328125 0.645371501953125
0 0.567909033203125 0.497878361328125 0.66880778125 0.544394814453125 0.77022284765625 0.47497373828125 0.681421498046875 0.439423646484375 0.567909033203125 0.497878361328125
0 0.381774740234375 0.561235357421875 0.533144392578125 0.48359234375 0.453055314453125 0.448106765625 0.308176181640625 0.509239017578125 0.381774740234375 0.561235357421875
0 0.54089700390625 0.4814592578125 0.64726809765625 0.425267583984375 0.57082134765625 0.398436298828125 0.459970076171875 0.4457925078125 0.54089700390625 0.4814592578125
