0 0.040487 0.802680 0.068034 0.115061
0 0.040487 0.933431 0.068034 0.115061
0 0.117798 0.802680 0.068034 0.115061
0 0.117798 0.933431 0.068034 0.115061
0 0.195109 0.802680 0.068034 0.115061
0 0.195109 0.933431 0.068034 0.115061
0 0.294372 0.565701 0.054196 0.065408
0 0.294372 0.640028 0.054196 0.065408
0 0.355959 0.565701 0.054196 0.065408
0 0.355959 0.640028 0.054196 0.065408
0 0.417545 0.565701 0.054196 0.065408
0 0.417545 0.640028 0.054196 0.065408
0 0.180461 0.502916 0.054964 0.041465
0 0.180461 0.550035 0.054964 0.041465
0 0.242920 0.502916 0.054964 0.041465
0 0.242920 0.550035 0.054964 0.041465
0 0.305379 0.502916 0.054964 0.041465
0 0.305379 0.550035 0.054964 0.041465
0 0.044189 0.565321 0.072832 0.080590
0 0.044189 0.656901 0.072832 0.080590
0 0.126953 0.565321 0.072832 0.080590
0 0.126953 0.656901 0.072832 0.080590
0 0.209717 0.565321 0.072832 0.080590
0 0.209717 0.656901 0.072832 0.080590
0 0.039327 0.463935 0.062126 0.040558
0 0.039327 0.510023 0.062126 0.040558
0 0.109924 0.463935 0.062126 0.040558
0 0.109924 0.510023 0.062126 0.040558
0 0.180522 0.463935 0.062126 0.040558
0 0.180522 0.510023 0.062126 0.040558
