0 0.465594 0.665870 0.038106 0.042419
0 0.465594 0.714074 0.038106 0.042419
0 0.508896 0.665870 0.038106 0.042419
0 0.508896 0.714074 0.038106 0.042419
0 0.552198 0.665870 0.038106 0.042419
0 0.552198 0.714074 0.038106 0.042419
0 0.278891 0.617231 0.036882 0.033538
0 0.278891 0.655343 0.036882 0.033538
0 0.320802 0.617231 0.036882 0.033538
0 0.320802 0.655343 0.036882 0.033538
0 0.362714 0.617231 0.036882 0.033538
0 0.362714 0.655343 0.036882 0.033538
0 0.411057 0.745613 0.049711 0.072400
0 0.411057 0.827887 0.049711 0.072400
0 0.467547 0.745613 0.049711 0.072400
0 0.467547 0.827887 0.049711 0.072400
0 0.524036 0.745613 0.049711 0.072400
0 0.524036 0.827887 0.049711 0.072400
0 0.166300 0.662567 0.052815 0.053806
0 0.166300 0.723711 0.052815 0.053806
0 0.226318 0.662567 0.052815 0.053806
0 0.226318 0.723711 0.052815 0.053806
0 0.286335 0.662567 0.052815 0.053806
0 0.286335 0.723711 0.052815 0.053806
0 0.112823 0.830444 0.081689 0.099473
0 0.112823 0.943481 0.081689 0.099473
0 0.205651 0.830444 0.081689 0.099473
0 0.205651 0.943481 0.081689 0.099473
0 0.298479 0.830444 0.081689 0.099473
0 0.298479 0.943481 0.081689 0.099473
0 0.312243 0.868637 0.072886 0.077069
0 0.312243 0.956215 0.072886 0.077069
0 0.395068 0.868637 0.072886 0.077069
0 0.395068 0.956215 0.072886 0.077069
0 0.477892 0.868637 0.072886 0.077069
0 0.477892 0.956215 0.072886 0.077069
0 0.036437 0.770870 0.061843 0.088342
0 0.036437 0.871259 0.061843 0.088342
0 0.106714 0.770870 0.061843 0.088342
0 0.106714 0.871259 0.061843 0.088342
0 0.176990 0.770870 0.061843 0.088342
0 0.176990 0.871259 0.061843 0.088342
0 0.274127 0.704919 0.053926 0.061889
0 0.274127 0.775248 0.053926 0.061889
0 0.335406 0.704919 0.053926 0.061889
0 0.335406 0.775248 0.053926 0.061889
0 0.396686 0.704919 0.053926 0.061889
0 0.396686 0.775248 0.053926 0.061889
0 0.361510 0.641278 0.038133 0.039502
0 0.361510 0.686167 0.038133 0.039502
0 0.404844 0.641278 0.038133 0.039502
0 0.404844 0.686167 0.038133 0.039502
0 0.448177 0.641278 0.038133 0.039502
0 0.448177 0.686167 0.038133 0.039502
