0 0.027222 0.878988 0.047910 0.054093
0 0.027222 0.940457 0.047910 0.054093
0 0.081665 0.878988 0.047910 0.054093
0 0.081665 0.940457 0.047910 0.054093
0 0.136108 0.878988 0.047910 0.054093
0 0.136108 0.940457 0.047910 0.054093
0 0.237142 0.924255 0.080065 0.044437
0 0.237142 0.974752 0.080065 0.044437
0 0.328125 0.924255 0.080065 0.044437
0 0.328125 0.974752 0.080065 0.044437
0 0.419108 0.924255 0.080065 0.044437
0 0.419108 0.974752 0.080065 0.044437
0 0.217995 0.786305 0.074296 0.082910
0 0.217995 0.880521 0.074296 0.082910
0 0.302422 0.786305 0.074296 0.082910
0 0.302422 0.880521 0.074296 0.082910
0 0.386849 0.786305 0.074296 0.082910
0 0.386849 0.880521 0.074296 0.082910
0 0.221802 0.789225 0.069287 0.083741
0 0.221802 0.884386 0.069287 0.083741
0 0.300537 0.789225 0.069287 0.083741
0 0.300537 0.884386 0.069287 0.083741
0 0.379272 0.789225 0.069287 0.083741
0 0.379272 0.884386 0.069287 0.083741
0 0.028910 0.813097 0.049701 0.097491
0 0.028910 0.923882 0.049701 0.097491
0 0.085388 0.813097 0.049701 0.097491
0 0.085388 0.923882 0.049701 0.097491
0 0.141866 0.813097 0.049701 0.097491
0 0.141866 0.923882 0.049701 0.097491
