1 0.4020688671875 0.5300591640625 0.23906170703125 0.6078286875 0.2387842265625 0.615349607421875 0.24982469140625 0.637865298828125 0.259600685546875 0.632491353515625 0.2601552890625 0.61751701953125 0.41267109375 0.54375455078125 0.418803638671875 0.55401285546875 0.420970189453125 0.54722 0.409012865234375 0.52874901171875 0.4020688671875 0.5300591640625
1 0.304265255859375 0.4605705859375 0.160447130859375 0.51669585546875 0.15981108984375 0.523484833984375 0.165974689453125 0.54328876171875 0.175316845703125 0.53927319140625 0.17582103515625 0.52566007421875 0.30986312890625 0.47490969921875 0.31384909375 0.48106637890625 0.31857085546875 0.477697380859375 0.309651958984375 0.459929693359375 0.304265255859375 0.4605705859375
1 0.52023287890625 0.464142369140625 0.503784900390625 0.453126859375 0.38447376953125 0.508984873046875 0.380657568359375 0.52983019921875 0.391511375 0.536718548828125 0.398530994140625 0.533366572265625 0.39819378515625 0.52178960546875 0.3937997265625 0.516310697265625 0.506344880859375 0.46676267578125 0.519496548828125 0.473668046875 0.52023287890625 0.464142369140625
1 0.6585416875 0.544824658203125 0.663751939453125 0.5489480234375 0.66354076953125 0.533968017578125 0.640759083984375 0.518140025390625 0.62975876953125 0.52554823828125 0.518654376953125 0.598254916015625 0.515219607421875 0.618348107421875 0.53503570703125 0.631737119140625 0.5390168984375 0.62768183984375 0.539395048828125 0.617471763671875 0.532038185546875 0.6092477265625 0.642784396484375 0.535856650390625 0.6585416875 0.544824658203125
1 0.536946947265625 0.46767015234375 0.527246576171875 0.4710022734375 0.53365830078125 0.481565009765625 0.54734751171875 0.486810408203125 0.54808330859375 0.4772847265625 0.632368751953125 0.4356969140625 0.643706810546875 0.439865669921875 0.65463200390625 0.434500236328125 0.64387852734375 0.4248885 0.629093947265625 0.42069421484375 0.536946947265625 0.46767015234375
1 0.758991779296875 0.37674105859375 0.763412826171875 0.362456193359375 0.750492802734375 0.35963730859375 0.743856068359375 0.362992123046875 0.7391846875 0.365000857421875 0.734502916015625 0.398327037109375 0.7387709375 0.40720898828125 0.735696337890625 0.438504689453125 0.723299484375 0.462923384765625 0.729432064453125 0.473180740234375 0.74306794921875 0.477367466796875 0.74502806640625 0.465807517578125 0.73910248828125 0.460316314453125 0.74716043359375 0.439270404296875 0.75012889453125 0.400485169921875 0.745911326171875 0.390241052734375 0.7467989375 0.376630775390625 0.758991779296875 0.37674105859375
1 0.548665529296875 0.358142291015625 0.554082177734375 0.367033701171875 0.60527959375 0.38102979296875 0.605309572265625 0.3905611484375 0.597352458984375 0.408884625 0.598914490234375 0.41842827734375 0.6211315234375 0.428805724609375 0.627254595703125 0.418638203125 0.607768189453125 0.40691939453125 0.615291998046875 0.389954296875 0.61318629296875 0.36406753515625 0.556320115234375 0.34798706640625 0.557479740234375 0.3166771796875 0.543788669921875 0.30363970703125 0.5424227890625 0.317136146484375 0.54854514453125 0.320014974609375 0.548665529296875 0.358142291015625
0 0.5206503359375 0.639438787109375 0.378775220703125 0.539665916015625 0.26362293359375 0.594615314453125 0.390149939453125 0.729022619140625 0.5206503359375 0.639438787109375
0 0.285220345703125 0.469528015625 0.182960107421875 0.510301884765625 0.257276236328125 0.592666638671875 0.375379109375 0.538279169921875 0.285220345703125 0.469528015625
0 0.648044251953125 0.5478694296875 0.50899066796875 0.47535211328125 0.4188810625 0.518748052734375 0.557182533203125 0.611875716796875 0.648044251953125 0.5478694296875
0 0.4002268828125 0.4228031796875 0.318925248046875 0.456242599609375 0.4140330234375 0.51966297265625 0.506284712890625 0.476012865234375 0.4002268828125 0.4228031796875
0 0.746448703125 0.484729123046875 0.6113606484375 0.42926105859375 0.538105740234375 0.462581330078125 0.679528294921875 0.533253515625 0.746448703125 0.484729123046875
0 0.604925576171875 0.4271710078125 0.50155380078125 0.384193142578125 0.431485939453125 0.409495841796875 0.530900416015625 0.460664330078125 0.604925576171875 0.4271710078125
