0 0.865871703125 0.41200747265625 0.972131552734375 0.41487626171875 0.904758197265625 0.227153197265625 0.817027423828125 0.230785201171875 0.818742494140625 0.244987017578125 0.865871703125 0.41200747265625
0 1 0.485476033203125 0.98772794921875 0.450266013671875 0.884707857421875 0.455031560546875 0.964057126953125 0.732862421875 1 0.7323323515625 1 0.485476033203125
0 0.823147978515625 0.29624397265625 0.7813230625 0.152858783203125 0.706129279296875 0.15016216015625 0.738678181640625 0.30536656640625 0.823147978515625 0.29624397265625
0 0.832139041015625 0.3351966953125 0.742140705078125 0.33806615625 0.787978611328125 0.5481688359375 0.891040576171875 0.54913233203125 0.832139041015625 0.3351966953125
0 1 0.924722388671875 0.90724682421875 0.609786791015625 0.79488300390625 0.610703974609375 0.86134134375 0.936745634765625 1 0.926474623046875 1 0.924722388671875
0 0.730478177734375 0.720074064453125 0.714993474609375 0.608019 0.657155708984375 0.60371156640625 0.692703431640625 0.94923733203125 0.81494124609375 0.940182677734375 0.77407949609375 0.736904337890625 0.730478177734375 0.720074064453125
0 0.7220563125 0.347353166015625 0.68979434375 0.336212521484375 0.631879041015625 0.343368115234375 0.655990541015625 0.55508016015625 0.704303263671875 0.555799796875 0.702025408203125 0.465698021484375 0.707573125 0.453823794921875 0.75261370703125 0.4476218828125 0.7220563125 0.347353166015625
0 0.678986982421875 0.148432650390625 0.617625279296875 0.158150796875 0.634006671875 0.304523296875 0.6734464921875 0.303034615234375 0.6789942109375 0.291160384765625 0.66966572265625 0.227372025390625 0.697003498046875 0.22248143359375 0.678986982421875 0.148432650390625
0 0.619533009765625 0.307028205078125 0.604844494140625 0.155925783203125 0.530730830078125 0.166020208984375 0.528583705078125 0.310899619140625 0.619533009765625 0.307028205078125
0 0.638277125 0.554959478515625 0.61976467578125 0.34892703125 0.5304260703125 0.342286435546875 0.530387068359375 0.554353619140625 0.638277125 0.554959478515625
0 0.53659707421875 0.957963208984375 0.564026443359375 0.9587689609375 0.6741168203125 0.9506141171875 0.644147697265625 0.6052624453125 0.533976888671875 0.604238208984375 0.53659707421875 0.957963208984375
0 0.52029137109375 0.16965907421875 0.447044314453125 0.1722192109375 0.434372861328125 0.309280486328125 0.519721412109375 0.31012330078125 0.52029137109375 0.16965907421875
0 0.51670729296875 0.555366935546875 0.51739896875 0.3405008984375 0.43221341015625 0.3438293046875 0.41451347265625 0.562936849609375 0.51670729296875 0.555366935546875
0 0.51599855078125 0.6067505859375 0.407557759765625 0.602140302734375 0.377906 0.94679253125 0.508390599609375 0.954321435546875 0.51599855078125 0.6067505859375
0 0.4362755390625 0.164410177734375 0.36488248828125 0.166842986328125 0.336202076171875 0.316552396484375 0.42234507421875 0.315903576171875 0.4362755390625 0.164410177734375
0 0.416201298828125 0.33799153515625 0.333185091796875 0.344000806640625 0.2936744453125 0.553260673828125 0.403989154296875 0.555119712890625 0.416201298828125 0.33799153515625
0 0.3889285546875 0.60215549609375 0.281996716796875 0.607141763671875 0.218505896484375 0.9485694453125 0.352982271484375 0.9515043046875 0.3889285546875 0.60215549609375
0 0.35425306640625 0.170485916015625 0.2908633203125 0.173758673828125 0.276030697265625 0.236470173828125 0.296168765625 0.237844037109375 0.28229976171875 0.3219779453125 0.324947513671875 0.318818853515625 0.35425306640625 0.170485916015625
0 0.3173545234375 0.349315712890625 0.273639025390625 0.348411625 0.255556041015625 0.407065537109375 0.2121668828125 0.418877263671875 0.202828947265625 0.462555537109375 0.243931357421875 0.468107626953125 0.23086684765625 0.5521819453125 0.27919017578125 0.55433358203125 0.3173545234375 0.349315712890625
0 0.19602804296875 0.957399400390625 0.2698126171875 0.60897780078125 0.20627253125 0.60128867578125 0.1789146953125 0.71221290234375 0.14274644921875 0.720623173828125 0.08087463671875 0.95446599609375 0.19602804296875 0.957399400390625
0 0.266582986328125 0.17297780078125 0.195869197265625 0.175063130859375 0.1454093515625 0.319222904296875 0.23315072265625 0.317021900390625 0.266582986328125 0.17297780078125
0 0.215048072265625 0.348889578125 0.131984169921875 0.354606220703125 0.059407689453125 0.556284908203125 0.158446060546875 0.557546447265625 0.215048072265625 0.348889578125
0 0.040509048828125 0.613567453125 0.005225189453125 0.70540047265625 0.00704760546875 0.95142673046875 0.036574904296875 0.952016314453125 0.1371542734375 0.608798859375 0.040509048828125 0.613567453125
0 0.181160099609375 0.175303228515625 0.111378185546875 0.181321724609375 0.055200328125 0.314441767578125 0.1398292421875 0.326800173828125 0.181160099609375 0.175303228515625
0 0.0313680703125 0.357759908203125 0.003118236328125 0.42096183984375 0.004117373046875 0.5558454296875 0.04089982421875 0.557655861328125 0.11584847265625 0.350069314453125 0.0313680703125 0.357759908203125
0 0.030031462890625 0.177317908203125 0.00170348046875 0.2299698828125 0.0023332734375 0.314991857421875 0.043945767578125 0.316708224609375 0.100201962890625 0.17329573828125 0.030031462890625 0.177317908203125
1 1 0.737363916015625 0.9641101640625 0.740022421875 0.883913970703125 0.45652315234375 0.917657001953125 0.446859740234375 0.9125743203125 0.412847376953125 0.869079634765625 0.4103370625 0.821114109375 0.23908019921875 0.90320168359375 0.234432423828125 0.899040744140625 0.21611342578125 0.816148115234375 0.220820833984375 0.80409966796875 0.224578884765625 0.825593845703125 0.300361154296875 0.791056375 0.311517201171875 0.79441281640625 0.329895791015625 0.830687142578125 0.335806517578125 0.862049662109375 0.439515515625 0.892671341796875 0.55187710546875 0.79206585546875 0.55646379296875 0.798069716796875 0.606168564453125 0.912418626953125 0.609161560546875 0.959642748046875 0.78907105859375 1 0.790692966796875 1 0.737363916015625
