0 0.062250 0.669528 0.109565 0.168732
0 0.062250 0.861269 0.109565 0.168732
0 0.186755 0.669528 0.109565 0.168732
0 0.186755 0.861269 0.109565 0.168732
0 0.311260 0.669528 0.109565 0.168732
0 0.311260 0.861269 0.109565 0.168732
0 0.266863 0.562275 0.065727 0.081306
0 0.266863 0.654669 0.065727 0.081306
0 0.341552 0.562275 0.065727 0.081306
0 0.341552 0.654669 0.065727 0.081306
0 0.416241 0.562275 0.065727 0.081306
0 0.416241 0.654669 0.065727 0.081306
0 0.372054 0.517887 0.044457 0.046954
0 0.372054 0.571243 0.044457 0.046954
0 0.422573 0.517887 0.044457 0.046954
0 0.422573 0.571243 0.044457 0.046954
0 0.473092 0.517887 0.044457 0.046954
0 0.473092 0.571243 0.044457 0.046954
0 0.029615 0.504428 0.052126 0.072156
0 0.029615 0.586424 0.052126 0.072156
0 0.088849 0.504428 0.052126 0.072156
0 0.088849 0.586424 0.052126 0.072156
0 0.148083 0.504428 0.052126 0.072156
0 0.148083 0.586424 0.052126 0.072156
0 0.106255 0.475252 0.073764 0.048657
0 0.106255 0.530544 0.073764 0.048657
0 0.190078 0.475252 0.073764 0.048657
0 0.190078 0.530544 0.073764 0.048657
0 0.273901 0.475252 0.073764 0.048657
0 0.273901 0.530544 0.073764 0.048657
0 0.249069 0.453766 0.048197 0.036475
0 0.249069 0.495215 0.048197 0.036475
0 0.303839 0.453766 0.048197 0.036475
0 0.303839 0.495215 0.048197 0.036475
0 0.358608 0.453766 0.048197 0.036475
0 0.358608 0.495215 0.048197 0.036475
