0 0.368681 0.782252 0.054548 0.100218
0 0.368681 0.896137 0.054548 0.100218
0 0.430667 0.782252 0.054548 0.100218
0 0.430667 0.896137 0.054548 0.100218
0 0.492653 0.782252 0.054548 0.100218
0 0.492653 0.896137 0.054548 0.100218
0 0.047587 0.726711 0.073802 0.067650
0 0.047587 0.803586 0.073802 0.067650
0 0.131453 0.726711 0.073802 0.067650
0 0.131453 0.803586 0.073802 0.067650
0 0.215319 0.726711 0.073802 0.067650
0 0.215319 0.803586 0.073802 0.067650
0 0.178962 0.750627 0.071236 0.077151
0 0.178962 0.838299 0.071236 0.077151
0 0.259911 0.750627 0.071236 0.077151
0 0.259911 0.838299 0.071236 0.077151
0 0.340861 0.750627 0.071236 0.077151
0 0.340861 0.838299 0.071236 0.077151
0 0.083613 0.872109 0.071506 0.075032
0 0.083613 0.957373 0.071506 0.075032
0 0.164870 0.872109 0.071506 0.075032
0 0.164870 0.957373 0.071506 0.075032
0 0.246127 0.872109 0.071506 0.075032
0 0.246127 0.957373 0.071506 0.075032
0 0.322300 0.908567 0.069957 0.053643
0 0.322300 0.969525 0.069957 0.053643
0 0.401797 0.908567 0.069957 0.053643
0 0.401797 0.969525 0.069957 0.053643
0 0.481293 0.908567 0.069957 0.053643
0 0.481293 0.969525 0.069957 0.053643
