0 0.270488 0.364986 0.081058 0.078931
0 0.270488 0.454681 0.081058 0.078931
0 0.362599 0.364986 0.081058 0.078931
0 0.362599 0.454681 0.081058 0.078931
0 0.454710 0.364986 0.081058 0.078931
0 0.454710 0.454681 0.081058 0.078931
0 0.024351 0.471984 0.042862 0.070706
0 0.024351 0.552331 0.042862 0.070706
0 0.073057 0.471984 0.042862 0.070706
0 0.073057 0.552331 0.042862 0.070706
0 0.121764 0.471984 0.042862 0.070706
0 0.121764 0.552331 0.042862 0.070706
0 0.362347 0.295984 0.053246 0.034039
0 0.362347 0.334664 0.053246 0.034039
0 0.422854 0.295984 0.053246 0.034039
0 0.422854 0.334664 0.053246 0.034039
0 0.483361 0.295984 0.053246 0.034039
0 0.483361 0.334664 0.053246 0.034039
0 0.051240 0.330222 0.090177 0.068982
0 0.051240 0.408611 0.090177 0.068982
0 0.153714 0.330222 0.090177 0.068982
0 0.153714 0.408611 0.090177 0.068982
0 0.256188 0.330222 0.090177 0.068982
0 0.256188 0.408611 0.090177 0.068982
0 0.207965 0.271012 0.063844 0.029101
0 0.207965 0.304081 0.063844 0.029101
0 0.280516 0.271012 0.063844 0.029101
0 0.280516 0.304081 0.063844 0.029101
0 0.353066 0.271012 0.063844 0.029101
0 0.353066 0.304081 0.063844 0.029101
0 0.020401 0.314775 0.035906 0.037241
0 0.020401 0.357095 0.035906 0.037241
0 0.061203 0.314775 0.035906 0.037241
0 0.061203 0.357095 0.035906 0.037241
0 0.102005 0.314775 0.035906 0.037241
0 0.102005 0.357095 0.035906 0.037241
0 0.060234 0.253266 0.066875 0.034829
0 0.060234 0.292845 0.066875 0.034829
0 0.136229 0.253266 0.066875 0.034829
0 0.136229 0.292845 0.066875 0.034829
0 0.212224 0.253266 0.066875 0.034829
0 0.212224 0.292845 0.066875 0.034829
