0 0.139372 0.688903 0.066539 0.074450
0 0.139372 0.773505 0.066539 0.074450
0 0.214984 0.688903 0.066539 0.074450
0 0.214984 0.773505 0.066539 0.074450
0 0.290597 0.688903 0.066539 0.074450
0 0.290597 0.773505 0.066539 0.074450
0 0.060017 0.843178 0.080422 0.092005
0 0.060017 0.947729 0.080422 0.092005
0 0.151406 0.843178 0.080422 0.092005
0 0.151406 0.947729 0.080422 0.092005
0 0.242795 0.843178 0.080422 0.092005
0 0.242795 0.947729 0.080422 0.092005
0 0.101688 0.614269 0.048345 0.036797
0 0.101688 0.656083 0.048345 0.036797
0 0.156625 0.614269 0.048345 0.036797
0 0.156625 0.656083 0.048345 0.036797
0 0.211563 0.614269 0.048345 0.036797
0 0.211563 0.656083 0.048345 0.036797
0 0.233264 0.613882 0.048457 0.060553
0 0.233264 0.682692 0.048457 0.060553
0 0.288328 0.613882 0.048457 0.060553
0 0.288328 0.682692 0.048457 0.060553
0 0.343392 0.613882 0.048457 0.060553
0 0.343392 0.682692 0.048457 0.060553
0 0.031667 0.701630 0.044280 0.080553
0 0.031667 0.793167 0.044280 0.080553
0 0.081984 0.701630 0.044280 0.080553
0 0.081984 0.793167 0.044280 0.080553
0 0.132302 0.701630 0.044280 0.080553
0 0.132302 0.793167 0.044280 0.080553
