0 0.071583 0.457028 0.123695 0.277444
0 0.071583 0.772306 0.123695 0.277444
0 0.212146 0.457028 0.123695 0.277444
0 0.212146 0.772306 0.123695 0.277444
0 0.352708 0.457028 0.123695 0.277444
0 0.352708 0.772306 0.123695 0.277444
0 0.044898 0.062819 0.079024 0.105136
0 0.044898 0.182292 0.079024 0.105136
0 0.134698 0.062819 0.079024 0.105136
0 0.134698 0.182292 0.079024 0.105136
0 0.224498 0.062819 0.079024 0.105136
0 0.224498 0.182292 0.079024 0.105136
0 0.248448 0.327250 0.070602 0.118311
0 0.248448 0.461694 0.070602 0.118311
0 0.328677 0.327250 0.070602 0.118311
0 0.328677 0.461694 0.070602 0.118311
0 0.408906 0.327250 0.070602 0.118311
0 0.408906 0.461694 0.070602 0.118311
0 0.164905 0.097931 0.058774 0.077301
0 0.164905 0.185773 0.058774 0.077301
0 0.231693 0.097931 0.058774 0.077301
0 0.231693 0.185773 0.058774 0.077301
0 0.298481 0.097931 0.058774 0.077301
0 0.298481 0.185773 0.058774 0.077301
