0 0.136186 0.558715 0.060942 0.077534
0 0.136186 0.646822 0.060942 0.077534
0 0.205437 0.558715 0.060942 0.077534
0 0.205437 0.646822 0.060942 0.077534
0 0.274689 0.558715 0.060942 0.077534
0 0.274689 0.646822 0.060942 0.077534
0 0.281807 0.510310 0.046030 0.061592
0 0.281807 0.580301 0.046030 0.061592
0 0.334115 0.510310 0.046030 0.061592
0 0.334115 0.580301 0.046030 0.061592
0 0.386422 0.510310 0.046030 0.061592
0 0.386422 0.580301 0.046030 0.061592
0 0.372722 0.464595 0.037241 0.058549
0 0.372722 0.531127 0.037241 0.058549
0 0.415042 0.464595 0.037241 0.058549
0 0.415042 0.531127 0.037241 0.058549
0 0.457361 0.464595 0.037241 0.058549
0 0.457361 0.531127 0.037241 0.058549
0 0.091488 0.504525 0.051019 0.035123
0 0.091488 0.544438 0.051019 0.035123
0 0.149464 0.504525 0.051019 0.035123
0 0.149464 0.544438 0.051019 0.035123
0 0.207439 0.504525 0.051019 0.035123
0 0.207439 0.544438 0.051019 0.035123
0 0.224366 0.453991 0.039676 0.027671
0 0.224366 0.485435 0.039676 0.027671
0 0.269453 0.453991 0.039676 0.027671
0 0.269453 0.485435 0.039676 0.027671
0 0.314540 0.453991 0.039676 0.027671
0 0.314540 0.485435 0.039676 0.027671
0 0.318543 0.427572 0.031266 0.025980
0 0.318543 0.457095 0.031266 0.025980
0 0.354073 0.427572 0.031266 0.025980
0 0.354073 0.457095 0.031266 0.025980
0 0.389602 0.427572 0.031266 0.025980
0 0.389602 0.457095 0.031266 0.025980
0 0.265595 0.412336 0.029744 0.019535
0 0.265595 0.434535 0.029744 0.019535
0 0.299396 0.412336 0.029744 0.019535
0 0.299396 0.434535 0.029744 0.019535
0 0.333196 0.412336 0.029744 0.019535
0 0.333196 0.434535 0.029744 0.019535
0 0.187552 0.437988 0.032170 0.019869
0 0.187552 0.460567 0.032170 0.019869
0 0.224109 0.437988 0.032170 0.019869
0 0.224109 0.460567 0.032170 0.019869
0 0.260667 0.437988 0.032170 0.019869
0 0.260667 0.460567 0.032170 0.019869
0 0.062047 0.463447 0.042749 0.023935
0 0.062047 0.490646 0.042749 0.023935
0 0.110625 0.463447 0.042749 0.023935
0 0.110625 0.490646 0.042749 0.023935
0 0.159203 0.463447 0.042749 0.023935
0 0.159203 0.490646 0.042749 0.023935
