0 0.337708 0.479694 0.050165 0.060036
0 0.337708 0.547917 0.050165 0.060036
0 0.394714 0.479694 0.050165 0.060036
0 0.394714 0.547917 0.050165 0.060036
0 0.451719 0.479694 0.050165 0.060036
0 0.451719 0.547917 0.050165 0.060036
0 0.194337 0.520539 0.073262 0.088371
0 0.194337 0.620961 0.073262 0.088371
0 0.277589 0.520539 0.073262 0.088371
0 0.277589 0.620961 0.073262 0.088371
0 0.360840 0.520539 0.073262 0.088371
0 0.360840 0.620961 0.073262 0.088371
0 0.061887 0.384407 0.074743 0.052686
0 0.061887 0.444278 0.074743 0.052686
0 0.146823 0.384407 0.074743 0.052686
0 0.146823 0.444278 0.074743 0.052686
0 0.231759 0.384407 0.074743 0.052686
0 0.231759 0.444278 0.074743 0.052686
0 0.421111 0.481377 0.037618 0.047345
0 0.421111 0.535178 0.037618 0.047345
0 0.463859 0.481377 0.037618 0.047345
0 0.463859 0.535178 0.037618 0.047345
0 0.506608 0.481377 0.037618 0.047345
0 0.506608 0.535178 0.037618 0.047345
0 0.234132 0.399412 0.049984 0.037522
0 0.234132 0.442051 0.049984 0.037522
0 0.290932 0.399412 0.049984 0.037522
0 0.290932 0.442051 0.049984 0.037522
0 0.347733 0.399412 0.049984 0.037522
0 0.347733 0.442051 0.049984 0.037522
0 0.334167 0.409829 0.035846 0.031411
0 0.334167 0.445523 0.035846 0.031411
0 0.374901 0.409829 0.035846 0.031411
0 0.374901 0.445523 0.035846 0.031411
0 0.415635 0.409829 0.035846 0.031411
0 0.415635 0.445523 0.035846 0.031411
0 0.028271 0.314153 0.049752 0.034149
0 0.028271 0.352958 0.049752 0.034149
0 0.084807 0.314153 0.049752 0.034149
0 0.084807 0.352958 0.049752 0.034149
0 0.141344 0.314153 0.049752 0.034149
0 0.141344 0.352958 0.049752 0.034149
0 0.152179 0.328817 0.045538 0.035506
0 0.152179 0.369164 0.045538 0.035506
0 0.203927 0.328817 0.045538 0.035506
0 0.203927 0.369164 0.045538 0.035506
0 0.255675 0.328817 0.045538 0.035506
0 0.255675 0.369164 0.045538 0.035506
