0 0.588196 0.819986 0.142772 0.105608
0 0.588196 0.939995 0.142772 0.105608
0 0.750437 0.819986 0.142772 0.105608
0 0.750437 0.939995 0.142772 0.105608
0 0.912679 0.819986 0.142772 0.105608
0 0.912679 0.939995 0.142772 0.105608
0 0.690847 0.545799 0.099616 0.103347
0 0.690847 0.663238 0.099616 0.103347
0 0.804047 0.545799 0.099616 0.103347
0 0.804047 0.663238 0.099616 0.103347
0 0.917247 0.545799 0.099616 0.103347
0 0.917247 0.663238 0.099616 0.103347
0 0.482238 0.666535 0.094721 0.155780
0 0.482238 0.843558 0.094721 0.155780
0 0.589875 0.666535 0.094721 0.155780
0 0.589875 0.843558 0.094721 0.155780
0 0.697512 0.666535 0.094721 0.155780
0 0.697512 0.843558 0.094721 0.155780
0 0.435941 0.549507 0.047072 0.067748
0 0.435941 0.626493 0.047072 0.067748
0 0.489432 0.549507 0.047072 0.067748
0 0.489432 0.626493 0.047072 0.067748
0 0.542924 0.549507 0.047072 0.067748
0 0.542924 0.626493 0.047072 0.067748
0 0.625922 0.474938 0.043193 0.053024
0 0.625922 0.535192 0.043193 0.053024
0 0.675005 0.474938 0.043193 0.053024
0 0.675005 0.535192 0.043193 0.053024
0 0.724089 0.474938 0.043193 0.053024
0 0.724089 0.535192 0.043193 0.053024
0 0.695847 0.421644 0.062926 0.039364
0 0.695847 0.466375 0.062926 0.039364
0 0.767354 0.421644 0.062926 0.039364
0 0.767354 0.466375 0.062926 0.039364
0 0.838861 0.421644 0.062926 0.039364
0 0.838861 0.466375 0.062926 0.039364
0 0.817708 0.455435 0.064167 0.056287
0 0.817708 0.519398 0.064167 0.056287
0 0.890625 0.455435 0.064167 0.056287
0 0.890625 0.519398 0.064167 0.056287
0 0.963542 0.455435 0.064167 0.056287
0 0.963542 0.519398 0.064167 0.056287
