1 0.35595341435185185 0.340697337962963 0.058000578703703676 0.05346498842592595
1 0.22923177083333332 0.43755063657407406 0.04302662037037036 0.14089265046296295
1 0.4054832175925926 0.37928240740740743 0.09968894675925921 0.1455005787037037
1 0.33014326171875 0.457669021484375 0.340337857421875 0.461459421875 0.351445248046875 0.456652603515625 0.444473400390625 0.505626591796875 0.4443973359375 0.515895234375 0.4651247265625 0.512230236328125 0.4676072421875 0.502032896484375 0.461401494140625 0.49500239453125 0.457519267578125 0.4991665078125 0.451306650390625 0.49299067578125 0.353965791015625 0.441321419921875 0.3442892734375 0.447882291015625 0.336633109375 0.4416636875 0.326937578125 0.45079148046875 0.33014326171875 0.457669021484375
1 0.5719466875 0.4537718671875 0.58970234765625 0.44503971484375 0.484744515625 0.39812291796875 0.46934344140625 0.39766658984375 0.45537323046875 0.39896526953125 0.454315255859375 0.41177134765625 0.465853654296875 0.4138248828125 0.475530166015625 0.407264966796875 0.56814686328125 0.446811697265625 0.5719466875 0.4537718671875
1 0.313511396484375 0.573640595703125 0.31439344140625 0.587489076171875 0.33179376953125 0.575038125 0.46015916015625 0.6627175 0.45288276171875 0.670204359375 0.451330921875 0.684708416015625 0.45996900390625 0.68838862890625 0.47691504296875 0.675196525390625 0.475174130859375 0.6503240078125 0.339139890625 0.558138265625 0.32465681640625 0.56369993359375 0.313511396484375 0.573640595703125
1 0.61580630859375 0.576605728515625 0.62645155078125 0.56565767578125 0.626623203125 0.54611449609375 0.496174619140625 0.47977005859375 0.48314776171875 0.48366417578125 0.47296471484375 0.493632396484375 0.47917733203125 0.499808228515625 0.488372666015625 0.493233099609375 0.613558314453125 0.55514245703125 0.610081744140625 0.569589484375 0.61580630859375 0.576605728515625
1 0.78566306640625 0.669584205078125 0.775493599609375 0.660078189453125 0.597580978515625 0.56750743359375 0.582983810546875 0.588471591796875 0.58677676171875 0.596287384765625 0.59405950390625 0.587943931640625 0.761922177734375 0.672514455078125 0.762739296875 0.692223673828125 0.7723334140625 0.6967870859375 0.78566306640625 0.669584205078125
1 0.855996177734375 0.580299150390625 0.863594212890625 0.58463703515625 0.8738763671875 0.561143927734375 0.71369280859375 0.4896393125 0.70312365234375 0.48675866796875 0.69474490625 0.51304204296875 0.700039529296875 0.513198921875 0.70492215234375 0.503929478515625 0.85415384765625 0.569117837890625 0.855996177734375 0.580299150390625
0 0.621426255859375 0.8038469296875 0.7596304296875 0.644907048828125 0.628875419921875 0.57811462109375 0.47489312890625 0.699366599609375 0.621426255859375 0.8038469296875
0 0.7650067734375 0.64506634765625 0.850046359375 0.54975290625 0.729597548828125 0.498254796875 0.63418087890625 0.576736111328125 0.7650067734375 0.64506634765625
0 0.433260107421875 0.665785583984375 0.58751731640625 0.55852761328125 0.48885043359375 0.504815759765625 0.32648359765625 0.588159990234375 0.433260107421875 0.665785583984375
0 0.4903003203125 0.504002890625 0.592911365234375 0.55629685546875 0.69553326171875 0.48269544921875 0.60483549609375 0.44406140625 0.4903003203125 0.504002890625
0 0.29816215234375 0.56785671875 0.454948515625 0.48766335546875 0.375093626953125 0.4503125546875 0.220599001953125 0.510781712890625 0.29816215234375 0.56785671875
0 0.381356955078125 0.4496423046875 0.45426762109375 0.48883847265625 0.572081458984375 0.437320048828125 0.496753078125 0.403420537109375 0.381356955078125 0.4496423046875
