0 0.067102 0.632171 0.102059 0.186454
0 0.067102 0.844051 0.102059 0.186454
0 0.183078 0.632171 0.102059 0.186454
0 0.183078 0.844051 0.102059 0.186454
0 0.299054 0.632171 0.102059 0.186454
0 0.299054 0.844051 0.102059 0.186454
0 0.212135 0.529975 0.075442 0.079913
0 0.212135 0.620785 0.075442 0.079913
0 0.297865 0.529975 0.075442 0.079913
0 0.297865 0.620785 0.075442 0.079913
0 0.383594 0.529975 0.075442 0.079913
0 0.383594 0.620785 0.075442 0.079913
0 0.322524 0.482919 0.045138 0.054132
0 0.322524 0.544433 0.045138 0.054132
0 0.373818 0.482919 0.045138 0.054132
0 0.373818 0.544433 0.045138 0.054132
0 0.425111 0.482919 0.045138 0.054132
0 0.425111 0.544433 0.045138 0.054132
