0 0.079670 0.360354 0.118522 0.072759
0 0.079670 0.443035 0.118522 0.072759
0 0.214354 0.360354 0.118522 0.072759
0 0.214354 0.443035 0.118522 0.072759
0 0.349038 0.360354 0.118522 0.072759
0 0.349038 0.443035 0.118522 0.072759
0 0.257649 0.334479 0.027428 0.012878
0 0.257649 0.349113 0.027428 0.012878
0 0.288818 0.334479 0.027428 0.012878
0 0.288818 0.349113 0.027428 0.012878
0 0.319986 0.334479 0.027428 0.012878
0 0.319986 0.349113 0.027428 0.012878
0 0.038898 0.278787 0.068464 0.037025
0 0.038898 0.320861 0.068464 0.037025
0 0.116698 0.278787 0.068464 0.037025
0 0.116698 0.320861 0.068464 0.037025
0 0.194498 0.278787 0.068464 0.037025
0 0.194498 0.320861 0.068464 0.037025
