0 0.224726 0.669060 0.061246 0.076324
0 0.224726 0.755792 0.061246 0.076324
0 0.294323 0.669060 0.061246 0.076324
0 0.294323 0.755792 0.061246 0.076324
0 0.363920 0.669060 0.061246 0.076324
0 0.363920 0.755792 0.061246 0.076324
0 0.345465 0.597738 0.046872 0.045715
0 0.345465 0.649687 0.046872 0.045715
0 0.398729 0.597738 0.046872 0.045715
0 0.398729 0.649687 0.046872 0.045715
0 0.451993 0.597738 0.046872 0.045715
0 0.451993 0.649687 0.046872 0.045715
0 0.427606 0.548850 0.037683 0.035400
0 0.427606 0.589076 0.037683 0.035400
0 0.470427 0.548850 0.037683 0.035400
0 0.470427 0.589076 0.037683 0.035400
0 0.513248 0.548850 0.037683 0.035400
0 0.513248 0.589076 0.037683 0.035400
0 0.096519 0.581231 0.047842 0.037221
0 0.096519 0.623528 0.047842 0.037221
0 0.150885 0.581231 0.047842 0.037221
0 0.150885 0.623528 0.047842 0.037221
0 0.205252 0.581231 0.047842 0.037221
0 0.205252 0.623528 0.047842 0.037221
0 0.276507 0.561359 0.040662 0.036899
0 0.276507 0.603289 0.040662 0.036899
0 0.322714 0.561359 0.040662 0.036899
0 0.322714 0.603289 0.040662 0.036899
0 0.368920 0.561359 0.040662 0.036899
0 0.368920 0.603289 0.040662 0.036899
0 0.355549 0.525984 0.034818 0.024603
0 0.355549 0.553942 0.034818 0.024603
0 0.395115 0.525984 0.034818 0.024603
0 0.395115 0.553942 0.034818 0.024603
0 0.434681 0.525984 0.034818 0.024603
0 0.434681 0.553942 0.034818 0.024603
0 0.142052 0.612581 0.057406 0.051305
0 0.142052 0.670882 0.057406 0.051305
0 0.207286 0.612581 0.057406 0.051305
0 0.207286 0.670882 0.057406 0.051305
0 0.272521 0.612581 0.057406 0.051305
0 0.272521 0.670882 0.057406 0.051305
0 0.215385 0.542757 0.038115 0.025589
0 0.215385 0.571836 0.038115 0.025589
0 0.258698 0.542757 0.038115 0.025589
0 0.258698 0.571836 0.038115 0.025589
0 0.302010 0.542757 0.038115 0.025589
0 0.302010 0.571836 0.038115 0.025589
0 0.297837 0.511282 0.030921 0.018570
0 0.297837 0.532384 0.030921 0.018570
0 0.332974 0.511282 0.030921 0.018570
0 0.332974 0.532384 0.030921 0.018570
0 0.368111 0.511282 0.030921 0.018570
0 0.368111 0.532384 0.030921 0.018570
