0 0.379229 0.700470 0.057860 0.111096
0 0.379229 0.826715 0.057860 0.111096
0 0.444979 0.700470 0.057860 0.111096
0 0.444979 0.826715 0.057860 0.111096
0 0.510729 0.700470 0.057860 0.111096
0 0.510729 0.826715 0.057860 0.111096
0 0.214450 0.655153 0.065769 0.092441
0 0.214450 0.760199 0.065769 0.092441
0 0.289187 0.655153 0.065769 0.092441
0 0.289187 0.760199 0.065769 0.092441
0 0.363925 0.655153 0.065769 0.092441
0 0.363925 0.760199 0.065769 0.092441
0 0.082009 0.622169 0.068710 0.087360
0 0.082009 0.721442 0.068710 0.087360
0 0.160089 0.622169 0.068710 0.087360
0 0.160089 0.721442 0.068710 0.087360
0 0.238168 0.622169 0.068710 0.087360
0 0.238168 0.721442 0.068710 0.087360
0 0.445998 0.587069 0.040161 0.050038
0 0.445998 0.643931 0.040161 0.050038
0 0.491635 0.587069 0.040161 0.050038
0 0.491635 0.643931 0.040161 0.050038
0 0.537273 0.587069 0.040161 0.050038
0 0.537273 0.643931 0.040161 0.050038
0 0.327950 0.560461 0.043228 0.035791
0 0.327950 0.601132 0.043228 0.035791
0 0.377073 0.560461 0.043228 0.035791
0 0.377073 0.601132 0.043228 0.035791
0 0.426196 0.560461 0.043228 0.035791
0 0.426196 0.601132 0.043228 0.035791
0 0.220457 0.537310 0.046550 0.035795
0 0.220457 0.577986 0.046550 0.035795
0 0.273354 0.537310 0.046550 0.035795
0 0.273354 0.577986 0.046550 0.035795
0 0.326252 0.537310 0.046550 0.035795
0 0.326252 0.577986 0.046550 0.035795
0 0.305818 0.488708 0.031776 0.023589
0 0.305818 0.515514 0.031776 0.023589
0 0.341927 0.488708 0.031776 0.023589
0 0.341927 0.515514 0.031776 0.023589
0 0.378036 0.488708 0.031776 0.023589
0 0.378036 0.515514 0.031776 0.023589
0 0.387913 0.501630 0.031894 0.025960
0 0.387913 0.531130 0.031894 0.025960
0 0.424156 0.501630 0.031894 0.025960
0 0.424156 0.531130 0.031894 0.025960
0 0.460399 0.501630 0.031894 0.025960
0 0.460399 0.531130 0.031894 0.025960
