0 0.645380 0.581225 0.055096 0.044436
0 0.645380 0.631720 0.055096 0.044436
0 0.707990 0.581225 0.055096 0.044436
0 0.707990 0.631720 0.055096 0.044436
0 0.770599 0.581225 0.055096 0.044436
0 0.770599 0.631720 0.055096 0.044436
0 0.415128 0.790266 0.107591 0.119228
0 0.415128 0.925752 0.107591 0.119228
0 0.537391 0.790266 0.107591 0.119228
0 0.537391 0.925752 0.107591 0.119228
0 0.659653 0.790266 0.107591 0.119228
0 0.659653 0.925752 0.107591 0.119228
0 0.771635 0.659685 0.079663 0.075387
0 0.771635 0.745352 0.079663 0.075387
0 0.862161 0.659685 0.079663 0.075387
0 0.862161 0.745352 0.079663 0.075387
0 0.952687 0.659685 0.079663 0.075387
0 0.952687 0.745352 0.079663 0.075387
0 0.641896 0.726262 0.091300 0.126015
0 0.641896 0.869461 0.091300 0.126015
0 0.745646 0.726262 0.091300 0.126015
0 0.745646 0.869461 0.091300 0.126015
0 0.849396 0.726262 0.091300 0.126015
0 0.849396 0.869461 0.091300 0.126015
0 0.528099 0.612600 0.058584 0.058736
0 0.528099 0.679345 0.058584 0.058736
0 0.594672 0.612600 0.058584 0.058736
0 0.594672 0.679345 0.058584 0.058736
0 0.661245 0.612600 0.058584 0.058736
0 0.661245 0.679345 0.058584 0.058736
0 0.375358 0.647597 0.060502 0.082581
0 0.375358 0.741440 0.060502 0.082581
0 0.444109 0.647597 0.060502 0.082581
0 0.444109 0.741440 0.060502 0.082581
0 0.512861 0.647597 0.060502 0.082581
0 0.512861 0.741440 0.060502 0.082581
0 0.346326 0.568669 0.046215 0.041845
0 0.346326 0.616220 0.046215 0.041845
0 0.398844 0.568669 0.046215 0.041845
0 0.398844 0.616220 0.046215 0.041845
0 0.451361 0.568669 0.046215 0.041845
0 0.451361 0.616220 0.046215 0.041845
0 0.571486 0.528530 0.040258 0.027520
0 0.571486 0.559803 0.040258 0.027520
0 0.617234 0.528530 0.040258 0.027520
0 0.617234 0.559803 0.040258 0.027520
0 0.662983 0.528530 0.040258 0.027520
0 0.662983 0.559803 0.040258 0.027520
