0 0.411562 0.631433 0.057475 0.058850
0 0.411562 0.698308 0.057475 0.058850
0 0.476875 0.631433 0.057475 0.058850
0 0.476875 0.698308 0.057475 0.058850
0 0.542188 0.631433 0.057475 0.058850
0 0.542188 0.698308 0.057475 0.058850
0 0.564906 0.673090 0.075277 0.075130
0 0.564906 0.758465 0.075277 0.075130
0 0.650448 0.673090 0.075277 0.075130
0 0.650448 0.758465 0.075277 0.075130
0 0.735990 0.673090 0.075277 0.075130
0 0.735990 0.758465 0.075277 0.075130
0 0.796007 0.741363 0.071806 0.097513
0 0.796007 0.852174 0.071806 0.097513
0 0.877604 0.741363 0.071806 0.097513
0 0.877604 0.852174 0.071806 0.097513
0 0.959201 0.741363 0.071806 0.097513
0 0.959201 0.852174 0.071806 0.097513
0 0.477967 0.563542 0.055176 0.037147
0 0.477967 0.605755 0.055176 0.037147
0 0.540667 0.563542 0.055176 0.037147
0 0.540667 0.605755 0.055176 0.037147
0 0.603366 0.563542 0.055176 0.037147
0 0.603366 0.605755 0.055176 0.037147
0 0.627696 0.580322 0.062032 0.054450
0 0.627696 0.642197 0.062032 0.054450
0 0.698187 0.580322 0.062032 0.054450
0 0.698187 0.642197 0.062032 0.054450
0 0.768679 0.580322 0.062032 0.054450
0 0.768679 0.642197 0.062032 0.054450
0 0.816623 0.623331 0.064549 0.069035
0 0.816623 0.701780 0.064549 0.069035
0 0.889974 0.623331 0.064549 0.069035
0 0.889974 0.701780 0.064549 0.069035
0 0.963325 0.623331 0.064549 0.069035
0 0.963325 0.701780 0.064549 0.069035
0 0.545453 0.508380 0.047914 0.029692
0 0.545453 0.542120 0.047914 0.029692
0 0.599901 0.508380 0.047914 0.029692
0 0.599901 0.542120 0.047914 0.029692
0 0.654349 0.508380 0.047914 0.029692
0 0.654349 0.542120 0.047914 0.029692
0 0.687299 0.530757 0.052354 0.036475
0 0.687299 0.572206 0.052354 0.036475
0 0.746792 0.530757 0.052354 0.036475
0 0.746792 0.572206 0.052354 0.036475
0 0.806285 0.530757 0.052354 0.036475
0 0.806285 0.572206 0.052354 0.036475
0 0.849175 0.564701 0.053090 0.039180
0 0.849175 0.609225 0.053090 0.039180
0 0.909505 0.564701 0.053090 0.039180
0 0.909505 0.609225 0.053090 0.039180
0 0.969835 0.564701 0.053090 0.039180
0 0.969835 0.609225 0.053090 0.039180
