0 0.666177 0.559491 0.038101 0.065316
0 0.666177 0.633713 0.038101 0.065316
0 0.709474 0.559491 0.038101 0.065316
0 0.709474 0.633713 0.038101 0.065316
0 0.752771 0.559491 0.038101 0.065316
0 0.752771 0.633713 0.038101 0.065316
0 0.578635 0.569667 0.032638 0.063784
0 0.578635 0.642148 0.032638 0.063784
0 0.615724 0.569667 0.032638 0.063784
0 0.615724 0.642148 0.032638 0.063784
0 0.652813 0.569667 0.032638 0.063784
0 0.652813 0.642148 0.032638 0.063784
0 0.030986 0.585201 0.042073 0.067748
0 0.030986 0.662187 0.042073 0.067748
0 0.078797 0.585201 0.042073 0.067748
0 0.078797 0.662187 0.042073 0.067748
0 0.126608 0.585201 0.042073 0.067748
0 0.126608 0.662187 0.042073 0.067748
0 0.510009 0.569796 0.026855 0.065837
0 0.510009 0.644611 0.026855 0.065837
0 0.540526 0.569796 0.026855 0.065837
0 0.540526 0.644611 0.026855 0.065837
0 0.571043 0.569796 0.026855 0.065837
0 0.571043 0.644611 0.026855 0.065837
0 0.424741 0.574273 0.022613 0.065601
0 0.424741 0.648819 0.022613 0.065601
0 0.450437 0.574273 0.022613 0.065601
0 0.450437 0.648819 0.022613 0.065601
0 0.476134 0.574273 0.022613 0.065601
0 0.476134 0.648819 0.022613 0.065601
0 0.332335 0.576333 0.023364 0.066554
0 0.332335 0.651963 0.023364 0.066554
0 0.358885 0.576333 0.023364 0.066554
0 0.358885 0.651963 0.023364 0.066554
0 0.385436 0.576333 0.023364 0.066554
0 0.385436 0.651963 0.023364 0.066554
0 0.233113 0.581981 0.031617 0.066554
0 0.233113 0.657611 0.031617 0.066554
0 0.269042 0.581981 0.031617 0.066554
0 0.269042 0.657611 0.031617 0.066554
0 0.304970 0.581981 0.031617 0.066554
0 0.304970 0.657611 0.031617 0.066554
0 0.594017 0.852319 0.024689 0.081164
0 0.594017 0.944551 0.024689 0.081164
0 0.622073 0.852319 0.024689 0.081164
0 0.622073 0.944551 0.024689 0.081164
0 0.650128 0.852319 0.024689 0.081164
0 0.650128 0.944551 0.024689 0.081164
0 0.524845 0.849380 0.018515 0.082557
0 0.524845 0.943194 0.018515 0.082557
0 0.545885 0.849380 0.018515 0.082557
0 0.545885 0.943194 0.018515 0.082557
0 0.566925 0.849380 0.018515 0.082557
0 0.566925 0.943194 0.018515 0.082557
0 0.464212 0.862116 0.015809 0.077676
0 0.464212 0.950384 0.015809 0.077676
0 0.482177 0.862116 0.015809 0.077676
0 0.482177 0.950384 0.015809 0.077676
0 0.500142 0.862116 0.015809 0.077676
0 0.500142 0.950384 0.015809 0.077676
0 0.406830 0.872194 0.016677 0.074979
0 0.406830 0.957398 0.016677 0.074979
0 0.425781 0.872194 0.016677 0.074979
0 0.425781 0.957398 0.016677 0.074979
0 0.444733 0.872194 0.016677 0.074979
0 0.444733 0.957398 0.016677 0.074979
0 0.346292 0.875042 0.019461 0.073309
0 0.346292 0.958347 0.019461 0.073309
0 0.368406 0.875042 0.019461 0.073309
0 0.368406 0.958347 0.019461 0.073309
0 0.390521 0.875042 0.019461 0.073309
0 0.390521 0.958347 0.019461 0.073309
0 0.285422 0.879012 0.022325 0.070852
0 0.285422 0.959525 0.022325 0.070852
0 0.310792 0.879012 0.022325 0.070852
0 0.310792 0.959525 0.022325 0.070852
0 0.336161 0.879012 0.022325 0.070852
0 0.336161 0.959525 0.022325 0.070852
0 0.221314 0.884248 0.024923 0.067748
0 0.221314 0.961234 0.024923 0.067748
0 0.249635 0.884248 0.024923 0.067748
0 0.249635 0.961234 0.024923 0.067748
0 0.277957 0.884248 0.024923 0.067748
0 0.277957 0.961234 0.024923 0.067748
0 0.105102 0.889039 0.028574 0.065100
0 0.105102 0.963016 0.028574 0.065100
0 0.137573 0.889039 0.028574 0.065100
0 0.137573 0.963016 0.028574 0.065100
0 0.170043 0.889039 0.028574 0.065100
0 0.170043 0.963016 0.028574 0.065100
0 0.140750 0.584755 0.034595 0.073113
0 0.140750 0.667838 0.034595 0.073113
0 0.180063 0.584755 0.034595 0.073113
0 0.180063 0.667838 0.034595 0.073113
0 0.219375 0.584755 0.034595 0.073113
0 0.219375 0.667838 0.034595 0.073113
0 0.159774 0.883100 0.029119 0.068579
0 0.159774 0.961030 0.029119 0.068579
0 0.192865 0.883100 0.029119 0.068579
0 0.192865 0.961030 0.029119 0.068579
0 0.225955 0.883100 0.029119 0.068579
0 0.225955 0.961030 0.029119 0.068579
0 0.034547 0.883100 0.034132 0.068579
0 0.034547 0.961030 0.034132 0.068579
0 0.073333 0.883100 0.034132 0.068579
0 0.073333 0.961030 0.034132 0.068579
0 0.112120 0.883100 0.034132 0.068579
0 0.112120 0.961030 0.034132 0.068579
0 0.011490 0.585144 0.020226 0.065650
0 0.011490 0.659745 0.020226 0.065650
0 0.034474 0.585144 0.020226 0.065650
0 0.034474 0.659745 0.020226 0.065650
0 0.057458 0.585144 0.020226 0.065650
0 0.057458 0.659745 0.020226 0.065650
