0 0.87355935546875 0.75564305078125 0.852363318359375 0.67793653125 0.6883847890625 0.664471935546875 0.694735552734375 0.726120078125 0.87355935546875 0.75564305078125
0 0.645854208984375 0.730505517578125 0.643442890625 0.66262645703125 0.48627149609375 0.637803712890625 0.473419568359375 0.71300621875 0.645854208984375 0.730505517578125
0 0.906432720703125 0.61947083984375 0.753015873046875 0.60632229296875 0.76000110546875 0.6639414453125 0.92715943359375 0.681479826171875 0.906432720703125 0.61947083984375
0 0.7449639921875 0.665393947265625 0.736570634765625 0.607617587890625 0.5858177890625 0.587442150390625 0.582328822265625 0.647822060546875 0.7449639921875 0.665393947265625
0 0.566497771484375 0.647939328125 0.570641642578125 0.58636984765625 0.431714173828125 0.5778547109375 0.417591513671875 0.63563021875 0.566497771484375 0.647939328125
0 0.90783396875 0.614563318359375 0.891194896484375 0.567137748046875 0.744721353515625 0.5554174921875 0.739762365234375 0.566184107421875 0.746231134765625 0.606372548828125 0.90783396875 0.614563318359375
0 0.88839049609375 0.569106513671875 0.866538875 0.516747490234375 0.731348693359375 0.5112577734375 0.741110822265625 0.560809646484375 0.88839049609375 0.569106513671875
0 0.865098623046875 0.520995978515625 0.85180042578125 0.48126833203125 0.72575279296875 0.475086224609375 0.732022892578125 0.508569607421875 0.865098623046875 0.520995978515625
0 0.85406696875 0.479500220703125 0.840108900390625 0.4420204609375 0.71785561328125 0.43759153515625 0.72261834375 0.4710860859375 0.85406696875 0.479500220703125
0 0.83795661328125 0.444748609375 0.8286393203125 0.410263228515625 0.717021267578125 0.409432359375 0.720236375 0.441597255859375 0.83795661328125 0.444748609375
0 0.828631521484375 0.409946736328125 0.817225224609375 0.380378654296875 0.709243271484375 0.375960146484375 0.71305315234375 0.402756162109375 0.828631521484375 0.409946736328125
0 0.814187974609375 0.38054725 0.807030220703125 0.356104259765625 0.70551284765625 0.35184577734375 0.709243271484375 0.375960146484375 0.814187974609375 0.38054725
0 0.70019695703125 0.37602715625 0.690907828125 0.34572600390625 0.596005259765625 0.345951353515625 0.594538296875 0.37278645703125 0.70019695703125 0.37602715625
0 0.7054749765625 0.4014702421875 0.701213806640625 0.373745716796875 0.59596670703125 0.370092703125 0.592238169921875 0.396944560546875 0.7054749765625 0.4014702421875
0 0.711745103515625 0.434954564453125 0.706256625 0.4018044140625 0.5960071171875 0.396916642578125 0.591683802734375 0.42913737890625 0.711745103515625 0.434954564453125
0 0.716587291015625 0.47113076171875 0.71251853515625 0.43547329296875 0.59021563671875 0.430489373046875 0.5874399765625 0.46404069921875 0.716587291015625 0.47113076171875
0 0.719961314453125 0.508658951171875 0.716786154296875 0.4729030859375 0.589701556640625 0.4640239453125 0.587004794921875 0.500255986328125 0.719961314453125 0.508658951171875
0 0.725280294921875 0.56092691015625 0.72011211328125 0.5140859921875 0.58855241796875 0.501585642578125 0.586094056640625 0.545863564453125 0.725280294921875 0.56092691015625
0 0.732502720703125 0.60110883203125 0.72454619140625 0.557133763671875 0.58895037890625 0.54047699609375 0.5843501484375 0.588794138671875 0.732502720703125 0.60110883203125
0 0.570661490234375 0.584872181640625 0.57089800390625 0.5419518359375 0.446868587890625 0.529458453125 0.43540363671875 0.575144208984375 0.570661490234375 0.584872181640625
0 0.574666951171875 0.54192391796875 0.578615591796875 0.500149552734375 0.456111189453125 0.485131212890625 0.44456728125 0.528134380859375 0.574666951171875 0.54192391796875
0 0.58022005859375 0.500306244140625 0.582658052734375 0.458912064453125 0.465632384765625 0.450188802734375 0.45313565234375 0.486494373046875 0.58022005859375 0.500306244140625
0 0.580655240234375 0.464090955078125 0.58165930078125 0.42520419921875 0.4752325390625 0.41792898046875 0.465037115234375 0.45555862109375 0.580655240234375 0.464090955078125
0 0.581963259765625 0.431891619140625 0.583929416015625 0.39521826171875 0.481222685546875 0.391061306640625 0.47459806640625 0.421957970703125 0.581963259765625 0.431891619140625
0 0.58477867578125 0.399682052734375 0.58836028125 0.367089388671875 0.48796648828125 0.364187115234375 0.4804292734375 0.389726064453125 0.58477867578125 0.399682052734375
0 0.5839840859375 0.37286463671875 0.58664181640625 0.344625275390625 0.493282380859375 0.340005736328125 0.48649884765625 0.365539103515625 0.5839840859375 0.37286463671875
0 0.584023134765625 0.34872234765625 0.588136732421875 0.3240104296875 0.499471166015625 0.31984218359375 0.491100283203125 0.342705072265625 0.584023134765625 0.34872234765625
0 0.390406740234375 0.481594560546875 0.38753280859375 0.447245947265625 0.2991488125 0.429963185546875 0.28581838671875 0.463591759765625 0.282447953125 0.502511962890625 0.3768384453125 0.507177248046875 0.390406740234375 0.481594560546875
0 0.37434035546875 0.55011434765625 0.376676787109375 0.507264607421875 0.286296357421875 0.505165693359375 0.28590090625 0.542721806640625 0.37434035546875 0.55011434765625
0 0.284393537109375 0.54273297265625 0.283934236328125 0.50420544921875 0.283795205078125 0.471654390625 0.2133689296875 0.461446185546875 0.193095380859375 0.489761716796875 0.190518333984375 0.5300162265625 0.284393537109375 0.54273297265625
