0 0.403458 0.733637 0.084457 0.153173
0 0.403458 0.907697 0.084457 0.153173
0 0.499432 0.733637 0.084457 0.153173
0 0.499432 0.907697 0.084457 0.153173
0 0.595406 0.733637 0.084457 0.153173
0 0.595406 0.907697 0.084457 0.153173
0 0.178498 0.699692 0.087282 0.142320
0 0.178498 0.861419 0.087282 0.142320
0 0.277682 0.699692 0.087282 0.142320
0 0.277682 0.861419 0.087282 0.142320
0 0.376866 0.699692 0.087282 0.142320
0 0.376866 0.861419 0.087282 0.142320
0 0.046998 0.666134 0.075842 0.115859
0 0.046998 0.797792 0.075842 0.115859
0 0.133182 0.666134 0.075842 0.115859
0 0.133182 0.797792 0.075842 0.115859
0 0.219366 0.666134 0.075842 0.115859
0 0.219366 0.797792 0.075842 0.115859
0 0.476953 0.577046 0.048813 0.056825
0 0.476953 0.641620 0.048813 0.056825
0 0.532422 0.577046 0.048813 0.056825
0 0.532422 0.641620 0.048813 0.056825
0 0.587891 0.577046 0.048813 0.056825
0 0.587891 0.641620 0.048813 0.056825
0 0.326429 0.553509 0.052010 0.048009
0 0.326429 0.608065 0.052010 0.048009
0 0.385531 0.553509 0.052010 0.048009
0 0.385531 0.608065 0.052010 0.048009
0 0.444634 0.553509 0.052010 0.048009
0 0.444634 0.608065 0.052010 0.048009
0 0.196734 0.546188 0.055206 0.035114
0 0.196734 0.586090 0.055206 0.035114
0 0.259469 0.546188 0.055206 0.035114
0 0.259469 0.586090 0.055206 0.035114
0 0.322203 0.546188 0.055206 0.035114
0 0.322203 0.586090 0.055206 0.035114
0 0.500030 0.518025 0.036719 0.042586
0 0.500030 0.566419 0.036719 0.042586
0 0.541755 0.518025 0.036719 0.042586
0 0.541755 0.566419 0.036719 0.042586
0 0.583481 0.518025 0.036719 0.042586
0 0.583481 0.566419 0.036719 0.042586
0 0.304368 0.494301 0.033813 0.029358
0 0.304368 0.527662 0.033813 0.029358
0 0.342792 0.494301 0.033813 0.029358
0 0.342792 0.527662 0.033813 0.029358
0 0.381215 0.494301 0.033813 0.029358
0 0.381215 0.527662 0.033813 0.029358
0 0.392759 0.511470 0.038130 0.031049
0 0.392759 0.546752 0.038130 0.031049
0 0.436089 0.511470 0.038130 0.031049
0 0.436089 0.546752 0.038130 0.031049
0 0.479418 0.511470 0.038130 0.031049
0 0.479418 0.546752 0.038130 0.031049
