0 0.174302 0.825234 0.093647 0.102532
0 0.174302 0.941748 0.093647 0.102532
0 0.280719 0.825234 0.093647 0.102532
0 0.280719 0.941748 0.093647 0.102532
0 0.387135 0.825234 0.093647 0.102532
0 0.387135 0.941748 0.093647 0.102532
0 0.313111 0.698569 0.054462 0.060728
0 0.313111 0.767579 0.054462 0.060728
0 0.375000 0.698569 0.054462 0.060728
0 0.375000 0.767579 0.054462 0.060728
0 0.436889 0.698569 0.054462 0.060728
0 0.436889 0.767579 0.054462 0.060728
0 0.141722 0.658419 0.069072 0.056528
0 0.141722 0.722655 0.069072 0.056528
0 0.220214 0.658419 0.069072 0.056528
0 0.220214 0.722655 0.069072 0.056528
0 0.298705 0.658419 0.069072 0.056528
0 0.298705 0.722655 0.069072 0.056528
0 0.041799 0.784021 0.072493 0.116140
0 0.041799 0.915998 0.072493 0.116140
0 0.124177 0.784021 0.072493 0.116140
0 0.124177 0.915998 0.072493 0.116140
0 0.206556 0.784021 0.072493 0.116140
0 0.206556 0.915998 0.072493 0.116140
0 0.034271 0.632192 0.060321 0.051517
0 0.034271 0.690734 0.060321 0.051517
0 0.102818 0.632192 0.060321 0.051517
0 0.102818 0.690734 0.060321 0.051517
0 0.171365 0.632192 0.060321 0.051517
0 0.171365 0.690734 0.060321 0.051517
0 0.013884 0.712391 0.024431 0.040655
0 0.013884 0.758590 0.024431 0.040655
0 0.041646 0.712391 0.024431 0.040655
0 0.041646 0.758590 0.024431 0.040655
0 0.069408 0.712391 0.024431 0.040655
0 0.069408 0.758590 0.024431 0.040655
