0 0.208962 0.449356 0.037768 0.043959
0 0.208962 0.499310 0.037768 0.043959
0 0.251880 0.449356 0.037768 0.043959
0 0.251880 0.499310 0.037768 0.043959
0 0.294799 0.449356 0.037768 0.043959
0 0.294799 0.499310 0.037768 0.043959
0 0.323828 0.451287 0.033683 0.039209
0 0.323828 0.495843 0.033683 0.039209
0 0.362104 0.451287 0.033683 0.039209
0 0.362104 0.495843 0.033683 0.039209
0 0.400380 0.451287 0.033683 0.039209
0 0.400380 0.495843 0.033683 0.039209
0 0.424948 0.439910 0.032908 0.047695
0 0.424948 0.494109 0.032908 0.047695
0 0.462344 0.439910 0.032908 0.047695
0 0.462344 0.494109 0.032908 0.047695
0 0.499740 0.439910 0.032908 0.047695
0 0.499740 0.494109 0.032908 0.047695
0 0.238979 0.408287 0.028728 0.024624
0 0.238979 0.436269 0.028728 0.024624
0 0.271625 0.408287 0.028728 0.024624
0 0.271625 0.436269 0.028728 0.024624
0 0.304271 0.408287 0.028728 0.024624
0 0.304271 0.436269 0.028728 0.024624
0 0.326937 0.403852 0.027702 0.020892
0 0.326937 0.427593 0.027702 0.020892
0 0.358417 0.403852 0.027702 0.020892
0 0.358417 0.427593 0.027702 0.020892
0 0.389896 0.403852 0.027702 0.020892
0 0.389896 0.427593 0.027702 0.020892
0 0.412437 0.402880 0.025401 0.023271
0 0.412437 0.429324 0.025401 0.023271
0 0.441302 0.402880 0.025401 0.023271
0 0.441302 0.429324 0.025401 0.023271
0 0.470167 0.402880 0.025401 0.023271
0 0.470167 0.429324 0.025401 0.023271
0 0.252868 0.379160 0.025673 0.018183
0 0.252868 0.399822 0.025673 0.018183
0 0.282042 0.379160 0.025673 0.018183
0 0.282042 0.399822 0.025673 0.018183
0 0.311215 0.379160 0.025673 0.018183
0 0.311215 0.399822 0.025673 0.018183
0 0.328604 0.381472 0.023755 0.014113
0 0.328604 0.397509 0.023755 0.014113
0 0.355599 0.381472 0.023755 0.014113
0 0.355599 0.397509 0.023755 0.014113
0 0.382594 0.381472 0.023755 0.014113
0 0.382594 0.397509 0.023755 0.014113
0 0.398767 0.378000 0.023493 0.016150
0 0.398767 0.396352 0.023493 0.016150
0 0.425464 0.378000 0.023493 0.016150
0 0.425464 0.396352 0.023493 0.016150
0 0.452160 0.378000 0.023493 0.016150
0 0.452160 0.396352 0.023493 0.016150
