0 0.112030 0.567583 0.055089 0.076853
0 0.112030 0.654917 0.055089 0.076853
0 0.174630 0.567583 0.055089 0.076853
0 0.174630 0.654917 0.055089 0.076853
0 0.237231 0.567583 0.055089 0.076853
0 0.237231 0.654917 0.055089 0.076853
0 0.251710 0.513009 0.041963 0.066342
0 0.251710 0.588398 0.041963 0.066342
0 0.299396 0.513009 0.041963 0.066342
0 0.299396 0.588398 0.041963 0.066342
0 0.347082 0.513009 0.041963 0.066342
0 0.347082 0.588398 0.041963 0.066342
0 0.348057 0.477708 0.037373 0.049044
0 0.348057 0.533440 0.037373 0.049044
0 0.390526 0.477708 0.037373 0.049044
0 0.390526 0.533440 0.037373 0.049044
0 0.432995 0.477708 0.037373 0.049044
0 0.432995 0.533440 0.037373 0.049044
0 0.083318 0.509343 0.043510 0.039535
0 0.083318 0.554269 0.043510 0.039535
0 0.132760 0.509343 0.043510 0.039535
0 0.132760 0.554269 0.043510 0.039535
0 0.182203 0.509343 0.043510 0.039535
0 0.182203 0.554269 0.043510 0.039535
0 0.211201 0.467882 0.039423 0.027667
0 0.211201 0.499322 0.039423 0.027667
0 0.256000 0.467882 0.039423 0.027667
0 0.256000 0.499322 0.039423 0.027667
0 0.300799 0.467882 0.039423 0.027667
0 0.300799 0.499322 0.039423 0.027667
0 0.295977 0.452451 0.032795 0.024954
0 0.295977 0.480808 0.032795 0.024954
0 0.333245 0.452451 0.032795 0.024954
0 0.333245 0.480808 0.032795 0.024954
0 0.370512 0.452451 0.032795 0.024954
0 0.370512 0.480808 0.032795 0.024954
0 0.072321 0.483891 0.037910 0.027325
0 0.072321 0.514942 0.037910 0.027325
0 0.115401 0.483891 0.037910 0.027325
0 0.115401 0.514942 0.037910 0.027325
0 0.158481 0.483891 0.037910 0.027325
0 0.158481 0.514942 0.037910 0.027325
0 0.187333 0.449755 0.029498 0.028347
0 0.187333 0.481968 0.029498 0.028347
0 0.220854 0.449755 0.029498 0.028347
0 0.220854 0.481968 0.029498 0.028347
0 0.254375 0.449755 0.029498 0.028347
0 0.254375 0.481968 0.029498 0.028347
0 0.274207 0.425836 0.024270 0.018851
0 0.274207 0.447257 0.024270 0.018851
0 0.301786 0.425836 0.024270 0.018851
0 0.301786 0.447257 0.024270 0.018851
0 0.329366 0.425836 0.024270 0.018851
0 0.329366 0.447257 0.024270 0.018851
