0 0.376186 0.740164 0.075425 0.152440
0 0.376186 0.913391 0.075425 0.152440
0 0.461896 0.740164 0.075425 0.152440
0 0.461896 0.913391 0.075425 0.152440
0 0.547606 0.740164 0.075425 0.152440
0 0.547606 0.913391 0.075425 0.152440
0 0.241003 0.536532 0.050620 0.067019
0 0.241003 0.612690 0.050620 0.067019
0 0.298526 0.536532 0.050620 0.067019
0 0.298526 0.612690 0.050620 0.067019
0 0.356049 0.536532 0.050620 0.067019
0 0.356049 0.612690 0.050620 0.067019
0 0.295102 0.615042 0.058760 0.095162
0 0.295102 0.723181 0.058760 0.095162
0 0.361875 0.615042 0.058760 0.095162
0 0.361875 0.723181 0.058760 0.095162
0 0.428648 0.615042 0.058760 0.095162
0 0.428648 0.723181 0.058760 0.095162
0 0.518905 0.622162 0.058480 0.095504
0 0.518905 0.730690 0.058480 0.095504
0 0.585359 0.622162 0.058480 0.095504
0 0.585359 0.730690 0.058480 0.095504
0 0.651814 0.622162 0.058480 0.095504
0 0.651814 0.730690 0.058480 0.095504
0 0.427477 0.534606 0.048819 0.055481
0 0.427477 0.597653 0.048819 0.055481
0 0.482953 0.534606 0.048819 0.055481
0 0.482953 0.597653 0.048819 0.055481
0 0.538429 0.534606 0.048819 0.055481
0 0.538429 0.597653 0.048819 0.055481
0 0.377352 0.474433 0.036224 0.055493
0 0.377352 0.537493 0.036224 0.055493
0 0.418516 0.474433 0.036224 0.055493
0 0.418516 0.537493 0.036224 0.055493
0 0.459679 0.474433 0.036224 0.055493
0 0.459679 0.537493 0.036224 0.055493
0 0.608385 0.535572 0.048670 0.069394
0 0.608385 0.614428 0.048670 0.069394
0 0.663693 0.535572 0.048670 0.069394
0 0.663693 0.614428 0.048670 0.069394
0 0.719000 0.535572 0.048670 0.069394
0 0.719000 0.614428 0.048670 0.069394
0 0.519200 0.476363 0.040662 0.042594
0 0.519200 0.524766 0.040662 0.042594
0 0.565406 0.476363 0.040662 0.042594
0 0.565406 0.524766 0.040662 0.042594
0 0.611613 0.476363 0.040662 0.042594
0 0.611613 0.524766 0.040662 0.042594
0 0.460319 0.440681 0.033287 0.032764
0 0.460319 0.477912 0.033287 0.032764
0 0.498146 0.440681 0.033287 0.032764
0 0.498146 0.477912 0.033287 0.032764
0 0.535972 0.440681 0.033287 0.032764
0 0.535972 0.477912 0.033287 0.032764
