0 0.316040 0.549317 0.053604 0.059869
0 0.316040 0.617350 0.053604 0.059869
0 0.376953 0.549317 0.053604 0.059869
0 0.376953 0.617350 0.053604 0.059869
0 0.437866 0.549317 0.053604 0.059869
0 0.437866 0.617350 0.053604 0.059869
0 0.146286 0.630602 0.088843 0.094160
0 0.146286 0.737602 0.088843 0.094160
0 0.247245 0.630602 0.088843 0.094160
0 0.247245 0.737602 0.088843 0.094160
0 0.348203 0.630602 0.088843 0.094160
0 0.348203 0.737602 0.088843 0.094160
0 0.400717 0.500463 0.039459 0.036618
0 0.400717 0.542074 0.039459 0.036618
0 0.445557 0.500463 0.039459 0.036618
0 0.445557 0.542074 0.039459 0.036618
0 0.490398 0.500463 0.039459 0.036618
0 0.490398 0.542074 0.039459 0.036618
0 0.041477 0.569400 0.073005 0.067691
0 0.041477 0.646322 0.073005 0.067691
0 0.124437 0.569400 0.073005 0.067691
0 0.124437 0.646322 0.073005 0.067691
0 0.207398 0.569400 0.073005 0.067691
0 0.207398 0.646322 0.073005 0.067691
0 0.203080 0.510986 0.054141 0.035420
0 0.203080 0.551236 0.054141 0.035420
0 0.264604 0.510986 0.054141 0.035420
0 0.264604 0.551236 0.054141 0.035420
0 0.326128 0.510986 0.054141 0.035420
0 0.326128 0.551236 0.054141 0.035420
0 0.113547 0.489289 0.053103 0.028026
0 0.113547 0.521137 0.053103 0.028026
0 0.173891 0.489289 0.053103 0.028026
0 0.173891 0.521137 0.053103 0.028026
0 0.234234 0.489289 0.053103 0.028026
0 0.234234 0.521137 0.053103 0.028026
0 0.307542 0.479139 0.039302 0.024281
0 0.307542 0.506731 0.039302 0.024281
0 0.352203 0.479139 0.039302 0.024281
0 0.352203 0.506731 0.039302 0.024281
0 0.396865 0.479139 0.039302 0.024281
0 0.396865 0.506731 0.039302 0.024281
0 0.229288 0.462530 0.037486 0.018443
0 0.229288 0.483488 0.037486 0.018443
0 0.271885 0.462530 0.037486 0.018443
0 0.271885 0.483488 0.037486 0.018443
0 0.314483 0.462530 0.037486 0.018443
0 0.314483 0.483488 0.037486 0.018443
