1 0.7744140625 0.4678891782407407 0.0419921875 0.13694299768518525
1 0.684492064453125 0.61284811328125 0.69131269921875 0.60915563671875 0.69055502734375 0.59360881640625 0.661757142578125 0.5786316015625 0.530271427734375 0.65676768359375 0.522313755859375 0.68534753125 0.5243444453125 0.68567222265625 0.543912169921875 0.703323380859375 0.553006349609375 0.69772619140625 0.5507328046875 0.68479851171875 0.542775662109375 0.674271984375 0.671608994140625 0.59734676953125 0.684492064453125 0.61284811328125
1 0.549538095703125 0.51310850390625 0.544991005859375 0.511524330078125 0.53779153515625 0.520589818359375 0.559389947265625 0.5304752734375 0.559768783203125 0.52038098046875 0.65260476171875 0.479346298828125 0.66207777734375 0.484557830078125 0.676196296875 0.481681615234375 0.667761375 0.474064400390625 0.66321428515625 0.475851224609375 0.65374126953125 0.466595435546875 0.64313174609375 0.46537111328125 0.549538095703125 0.51310850390625
1 0.5560904765625 0.32856125 0.553018517578125 0.340683509765625 0.561354498046875 0.34313834375 0.56287037109375 0.391087943359375 0.623118517578125 0.4144388515625 0.6242555546875 0.430005341796875 0.6155402109375 0.44506096875 0.614403703125 0.45983537109375 0.6367597890625 0.4717827109375 0.65040105859375 0.467770638671875 0.646991005859375 0.459502484375 0.627665609375 0.447712291015625 0.633728572265625 0.429148134765625 0.63107619140625 0.400692337890625 0.570448677734375 0.37664755859375 0.570448677734375 0.340913095703125 0.564765080078125 0.333201251953125 0.5560904765625 0.32856125
1 0.432281482421875 0.463167890625 0.439480953125 0.462192796875 0.439480953125 0.452078861328125 0.530042857421875 0.420366 0.539894708984375 0.425596236328125 0.550799470703125 0.42621533984375 0.548610052734375 0.41660840625 0.54103174609375 0.41688965625 0.53080105859375 0.40894298046875 0.432281482421875 0.444962619140625 0.420156083984375 0.449728431640625 0.432281482421875 0.463167890625
1 0.516365609375 0.506669052734375 0.53000687890625 0.516815171875 0.532280953125 0.503409546875 0.51219735546875 0.494990583984375 0.3814693125 0.548219626953125 0.381848677734375 0.5684662265625 0.392079365234375 0.576412904296875 0.398141798828125 0.574030453125 0.398141798828125 0.5625681171875 0.392458201171875 0.555531416015625 0.516365609375 0.506669052734375
1 0.140746560546875 0.54337141796875 0.148811640625 0.564473220703125 0.1571481484375 0.562208685546875 0.157526984375 0.548743396484375 0.3045481484375 0.49838272265625 0.30871640234375 0.50601505078125 0.314400529296875 0.506309783203125 0.30757989453125 0.48842598828125 0.29886455078125 0.485277283203125 0.140746560546875 0.54337141796875
1 0.247331216796875 0.678134375 0.246952380859375 0.662607197265625 0.41292010546875 0.588281669921875 0.4189825390625 0.597361556640625 0.424287830078125 0.594264705078125 0.411404232421875 0.5693245390625 0.223286244140625 0.652171025390625 0.236721693359375 0.6823036484375 0.247331216796875 0.678134375
0 0.5271174609375 0.70477834375 0.37744338671875 0.5783517421875 0.249212169921875 0.633741322265625 0.385021693359375 0.798546009765625 0.5271174609375 0.70477834375
0 0.2758671953125 0.49217522265625 0.1630788359375 0.5308269375 0.2439211640625 0.632525353515625 0.37552380859375 0.57757706640625 0.2758671953125 0.49217522265625
0 0.671759259765625 0.6112462734375 0.51905396875 0.517025021484375 0.4195825390625 0.56253767578125 0.57058730078125 0.67477244921875 0.671759259765625 0.6112462734375
0 0.404240740234375 0.44701901171875 0.31481534375 0.4787917421875 0.416407935546875 0.560489828125 0.51602222265625 0.516193619140625 0.404240740234375 0.44701901171875
0 0.777821693359375 0.54519401953125 0.6289058203125 0.471397125 0.55027037109375 0.50528394921875 0.705447619140625 0.594031685546875 0.777821693359375 0.54519401953125
0 0.5114402109375 0.41608691796875 0.44247619140625 0.442177671875 0.5476248671875 0.50420515625 0.622842857421875 0.470408548828125 0.5114402109375 0.41608691796875
