0 0.051191 0.832178 0.087804 0.098458
0 0.051191 0.944062 0.087804 0.098458
0 0.150969 0.832178 0.087804 0.098458
0 0.150969 0.944062 0.087804 0.098458
0 0.250747 0.832178 0.087804 0.098458
0 0.250747 0.944062 0.087804 0.098458
0 0.184372 0.685032 0.089186 0.124675
0 0.184372 0.826708 0.089186 0.124675
0 0.285719 0.685032 0.089186 0.124675
0 0.285719 0.826708 0.089186 0.124675
0 0.387066 0.685032 0.089186 0.124675
0 0.387066 0.826708 0.089186 0.124675
0 0.343427 0.577032 0.053662 0.081261
0 0.343427 0.669375 0.053662 0.081261
0 0.404406 0.577032 0.053662 0.081261
0 0.404406 0.669375 0.053662 0.081261
0 0.465385 0.577032 0.053662 0.081261
0 0.465385 0.669375 0.053662 0.081261
0 0.132495 0.493331 0.084233 0.072457
0 0.132495 0.575669 0.084233 0.072457
0 0.228214 0.493331 0.084233 0.072457
0 0.228214 0.575669 0.084233 0.072457
0 0.323932 0.493331 0.084233 0.072457
0 0.323932 0.575669 0.084233 0.072457
0 0.048587 0.566611 0.078642 0.111809
0 0.048587 0.693667 0.078642 0.111809
0 0.137953 0.566611 0.078642 0.111809
0 0.137953 0.693667 0.078642 0.111809
0 0.227319 0.566611 0.078642 0.111809
0 0.227319 0.693667 0.078642 0.111809
