0 0.744946 0.588214 0.058624 0.053796
0 0.744946 0.649346 0.058624 0.053796
0 0.811565 0.588214 0.058624 0.053796
0 0.811565 0.649346 0.058624 0.053796
0 0.878183 0.588214 0.058624 0.053796
0 0.878183 0.649346 0.058624 0.053796
0 0.623991 0.548420 0.052575 0.037843
0 0.623991 0.591423 0.052575 0.037843
0 0.683735 0.548420 0.052575 0.037843
0 0.683735 0.591423 0.052575 0.037843
0 0.743479 0.548420 0.052575 0.037843
0 0.743479 0.591423 0.052575 0.037843
0 0.463612 0.553708 0.040618 0.025418
0 0.463612 0.582592 0.040618 0.025418
0 0.509769 0.553708 0.040618 0.025418
0 0.509769 0.582592 0.040618 0.025418
0 0.555925 0.553708 0.040618 0.025418
0 0.555925 0.582592 0.040618 0.025418
0 0.665018 0.653407 0.063556 0.067675
0 0.665018 0.730310 0.063556 0.067675
0 0.737241 0.653407 0.063556 0.067675
0 0.737241 0.730310 0.063556 0.067675
0 0.809463 0.653407 0.063556 0.067675
0 0.809463 0.730310 0.063556 0.067675
