0 0.585736 0.847803 0.084437 0.089291
0 0.585736 0.949271 0.084437 0.089291
0 0.681688 0.847803 0.084437 0.089291
0 0.681688 0.949271 0.084437 0.089291
0 0.777639 0.847803 0.084437 0.089291
0 0.777639 0.949271 0.084437 0.089291
0 0.044960 0.858206 0.079134 0.083026
0 0.044960 0.952553 0.079134 0.083026
0 0.134885 0.858206 0.079134 0.083026
0 0.134885 0.952553 0.079134 0.083026
0 0.224811 0.858206 0.079134 0.083026
0 0.224811 0.952553 0.079134 0.083026
0 0.030458 0.731368 0.052314 0.078634
0 0.030458 0.820725 0.052314 0.078634
0 0.089906 0.731368 0.052314 0.078634
0 0.089906 0.820725 0.052314 0.078634
0 0.149354 0.731368 0.052314 0.078634
0 0.149354 0.820725 0.052314 0.078634
0 0.279462 0.839949 0.076342 0.090713
0 0.279462 0.943032 0.076342 0.090713
0 0.366214 0.839949 0.076342 0.090713
0 0.366214 0.943032 0.076342 0.090713
0 0.452965 0.839949 0.076342 0.090713
0 0.452965 0.943032 0.076342 0.090713
0 0.415892 0.733023 0.068643 0.068844
0 0.415892 0.811255 0.068643 0.068844
0 0.493896 0.733023 0.068643 0.068844
0 0.493896 0.811255 0.068643 0.068844
0 0.571899 0.733023 0.068643 0.068844
0 0.571899 0.811255 0.068643 0.068844
0 0.195762 0.687171 0.061910 0.065503
0 0.195762 0.761606 0.061910 0.065503
0 0.266115 0.687171 0.061910 0.065503
0 0.266115 0.761606 0.061910 0.065503
0 0.336467 0.687171 0.061910 0.065503
0 0.336467 0.761606 0.061910 0.065503
0 0.359536 0.640405 0.052493 0.050034
0 0.359536 0.697262 0.052493 0.050034
0 0.419187 0.640405 0.052493 0.050034
0 0.419187 0.697262 0.052493 0.050034
0 0.478839 0.640405 0.052493 0.050034
0 0.478839 0.697262 0.052493 0.050034
0 0.374375 0.913775 0.088280 0.050588
0 0.374375 0.971262 0.088280 0.050588
0 0.474693 0.913775 0.088280 0.050588
0 0.474693 0.971262 0.088280 0.050588
0 0.575010 0.913775 0.088280 0.050588
0 0.575010 0.971262 0.088280 0.050588
