0 0.421372 0.217713 0.079840 0.045548
0 0.421372 0.269472 0.079840 0.045548
0 0.512099 0.217713 0.079840 0.045548
0 0.512099 0.269472 0.079840 0.045548
0 0.602826 0.217713 0.079840 0.045548
0 0.602826 0.269472 0.079840 0.045548
0 0.138264 0.284181 0.125612 0.102936
0 0.138264 0.401153 0.125612 0.102936
0 0.281005 0.284181 0.125612 0.102936
0 0.281005 0.401153 0.125612 0.102936
0 0.423747 0.284181 0.125612 0.102936
0 0.423747 0.401153 0.125612 0.102936
0 0.025429 0.236979 0.044008 0.023683
0 0.025429 0.263891 0.044008 0.023683
0 0.075438 0.236979 0.044008 0.023683
0 0.075438 0.263891 0.044008 0.023683
0 0.125446 0.236979 0.044008 0.023683
0 0.125446 0.263891 0.044008 0.023683
