1 0.33035363671875 0.824517318359375 0.317696013671875 0.8096611796875 0.3059170703125 0.8177028125 0.303550966796875 0.83344924609375 0.2602755234375 0.761655451171875 0.241904857421875 0.76733384765625 0.252188080078125 0.78596865625 0.258093150390625 0.783816666015625 0.26687859375 0.81359053515625 0.283291638671875 0.845666255859375 0.30296343359375 0.864696501953125 0.331232314453125 0.847415087890625 0.33035363671875 0.824517318359375
1 0.40263804296875 0.56594554296875 0.393074669921875 0.5711020234375 0.195712076171875 0.67905850390625 0.1939184765625 0.69673717578125 0.206058158203125 0.711624005859375 0.2182601875 0.705392181640625 0.2176607265625 0.687067626953125 0.40483964453125 0.583257201171875 0.411566720703125 0.592957064453125 0.417361283203125 0.590777779296875 0.40263804296875 0.56594554296875
1 0.125239021484375 0.586973765625 0.12817080859375 0.570275857421875 0.289234123046875 0.501979322265625 0.297420107421875 0.51342863671875 0.30133278515625 0.50768803125 0.288116724609375 0.483685458984375 0.1093208984375 0.564946708984375 0.11784289453125 0.5901659140625 0.125239021484375 0.586973765625
1 0.70919004296875 0.55969749609375 0.680520556640625 0.544872255859375 0.528569650390625 0.646595095703125 0.52304086328125 0.673545404296875 0.539687126953125 0.693290328125 0.550626724609375 0.6893528125 0.54978854296875 0.67563216796875 0.54268618359375 0.663200685546875 0.688747041015625 0.565498697265625 0.70088672265625 0.58038552734375 0.707103736328125 0.58001711328125 0.70919004296875 0.55969749609375
1 0.37436323046875 0.5428189296875 0.370818013671875 0.561389095703125 0.379992763671875 0.5736967421875 0.390967306640625 0.571210494140625 0.389611185546875 0.55752054296875 0.383633470703125 0.553285013671875 0.523081337890625 0.48351553515625 0.53715742578125 0.490942970703125 0.541308771484375 0.480599484375 0.516169953125 0.46740092578125 0.37436323046875 0.5428189296875
1 0.6730028984375 0.424123388671875 0.658258390625 0.4295868984375 0.54785268359375 0.494087654296875 0.563922146484375 0.5058636484375 0.5680740703125 0.495520130859375 0.67482921484375 0.4387034296875 0.6871194296875 0.440728978515625 0.69861191015625 0.438212037109375 0.697017646484375 0.429125958984375 0.687413197265625 0.425105349609375 0.6730028984375 0.424123388671875
1 0.423281947265625 0.43480267578125 0.43311750390625 0.44527012890625 0.443199396484375 0.440082921875 0.443015720703125 0.43366711328125 0.54382634765625 0.3918909453125 0.5585635546875 0.39652637109375 0.57099700390625 0.39578957421875 0.56611021484375 0.380472943359375 0.5388440703125 0.37841587890625 0.423281947265625 0.43480267578125
1 0.579737376953125 0.356714541015625 0.644384865234375 0.374915466796875 0.643811880859375 0.385965876953125 0.63145937109375 0.40505795703125 0.634505876953125 0.425991357421875 0.66106252734375 0.43176227734375 0.6752413515625 0.427250240234375 0.66917487109375 0.414757373046875 0.64601290234375 0.403277572265625 0.65742444140625 0.382405349609375 0.656034546875 0.349439369140625 0.589785494140625 0.3322513046875 0.59371996484375 0.2962159453125 0.578144521484375 0.27786090625 0.5723225625 0.300329080078125 0.577796341796875 0.304503189453125 0.579737376953125 0.356714541015625
1 0.798579302734375 0.429120849609375 0.784952193359375 0.45287822265625 0.784794361328125 0.475838443359375 0.802401119140625 0.48489255859375 0.809525326171875 0.4670282578125 0.8010045 0.46202548046875 0.81204133203125 0.43842160546875 0.815983103515625 0.392287310546875 0.81213219140625 0.376909294921875 0.81445055078125 0.362083642578125 0.8304624140625 0.362052744140625 0.833346404296875 0.34627664453125 0.807068392578125 0.345078978515625 0.7995223125 0.361132373046875 0.798579302734375 0.429120849609375
1 0.6780598958333333 0.31030092592592595 0.06122685185185173 0.05425347222222232
