0 0.025675 0.456926 0.045189 0.071231
0 0.025675 0.537870 0.045189 0.071231
0 0.077026 0.456926 0.045189 0.071231
0 0.077026 0.537870 0.045189 0.071231
0 0.128377 0.456926 0.045189 0.071231
0 0.128377 0.537870 0.045189 0.071231
0 0.052608 0.335993 0.087653 0.058663
0 0.052608 0.402655 0.087653 0.058663
0 0.152214 0.335993 0.087653 0.058663
0 0.152214 0.402655 0.087653 0.058663
0 0.251819 0.335993 0.087653 0.058663
0 0.251819 0.402655 0.087653 0.058663
0 0.356773 0.280833 0.051061 0.037025
0 0.356773 0.322907 0.051061 0.037025
0 0.414797 0.280833 0.051061 0.037025
0 0.414797 0.322907 0.051061 0.037025
0 0.472821 0.280833 0.051061 0.037025
0 0.472821 0.322907 0.051061 0.037025
0 0.198207 0.269704 0.059117 0.029529
0 0.198207 0.303259 0.059117 0.029529
0 0.265385 0.269704 0.059117 0.029529
0 0.265385 0.303259 0.059117 0.029529
0 0.332564 0.269704 0.059117 0.029529
0 0.332564 0.303259 0.059117 0.029529
0 0.050616 0.243046 0.071686 0.032870
0 0.050616 0.280398 0.071686 0.032870
0 0.132078 0.243046 0.071686 0.032870
0 0.132078 0.280398 0.071686 0.032870
0 0.213540 0.243046 0.071686 0.032870
0 0.213540 0.280398 0.071686 0.032870
0 0.019642 0.306525 0.034566 0.037176
0 0.019642 0.348771 0.034566 0.037176
0 0.058922 0.306525 0.034566 0.037176
0 0.058922 0.348771 0.034566 0.037176
0 0.098201 0.306525 0.034566 0.037176
0 0.098201 0.348771 0.034566 0.037176
