0 0.068910 0.328565 0.121277 0.279514
0 0.068910 0.646194 0.121277 0.279514
0 0.206724 0.328565 0.121277 0.279514
0 0.206724 0.646194 0.121277 0.279514
0 0.344538 0.328565 0.121277 0.279514
0 0.344538 0.646194 0.121277 0.279514
0 0.070207 0.814817 0.123568 0.108643
0 0.070207 0.938275 0.123568 0.108643
0 0.210625 0.814817 0.123568 0.108643
0 0.210625 0.938275 0.123568 0.108643
0 0.351043 0.814817 0.123568 0.108643
0 0.351043 0.938275 0.123568 0.108643
0 0.108043 0.058576 0.100781 0.103103
0 0.108043 0.175738 0.100781 0.103103
0 0.222568 0.058576 0.100781 0.103103
0 0.222568 0.175738 0.100781 0.103103
0 0.337092 0.058576 0.100781 0.103103
0 0.337092 0.175738 0.100781 0.103103
