0 0.424073 0.586836 0.039747 0.050368
0 0.424073 0.644072 0.039747 0.050368
0 0.469240 0.586836 0.039747 0.050368
0 0.469240 0.644072 0.039747 0.050368
0 0.514406 0.586836 0.039747 0.050368
0 0.514406 0.644072 0.039747 0.050368
0 0.226314 0.579676 0.053678 0.050910
0 0.226314 0.637528 0.053678 0.050910
0 0.287312 0.579676 0.053678 0.050910
0 0.287312 0.637528 0.053678 0.050910
0 0.348311 0.579676 0.053678 0.050910
0 0.348311 0.637528 0.053678 0.050910
0 0.338262 0.550481 0.039301 0.027313
0 0.338262 0.581519 0.039301 0.027313
0 0.382922 0.550481 0.039301 0.027313
0 0.382922 0.581519 0.039301 0.027313
0 0.427582 0.550481 0.039301 0.027313
0 0.427582 0.581519 0.039301 0.027313
0 0.324313 0.644241 0.055394 0.067564
0 0.324313 0.721019 0.055394 0.067564
0 0.387260 0.644241 0.055394 0.067564
0 0.387260 0.721019 0.055394 0.067564
0 0.450208 0.644241 0.055394 0.067564
0 0.450208 0.721019 0.055394 0.067564
0 0.485054 0.551819 0.034158 0.030091
0 0.485054 0.586014 0.034158 0.030091
0 0.523870 0.551819 0.034158 0.030091
0 0.523870 0.586014 0.034158 0.030091
0 0.562686 0.551819 0.034158 0.030091
0 0.562686 0.586014 0.034158 0.030091
0 0.412464 0.521683 0.030754 0.022330
0 0.412464 0.547058 0.030754 0.022330
0 0.447411 0.521683 0.030754 0.022330
0 0.447411 0.547058 0.030754 0.022330
0 0.482359 0.521683 0.030754 0.022330
0 0.482359 0.547058 0.030754 0.022330
0 0.173361 0.540215 0.044452 0.036304
0 0.173361 0.581470 0.044452 0.036304
0 0.223875 0.540215 0.044452 0.036304
0 0.223875 0.581470 0.044452 0.036304
0 0.274389 0.540215 0.044452 0.036304
0 0.274389 0.581470 0.044452 0.036304
0 0.277847 0.519544 0.034642 0.021222
0 0.277847 0.543660 0.034642 0.021222
0 0.317214 0.519544 0.034642 0.021222
0 0.317214 0.543660 0.034642 0.021222
0 0.356580 0.519544 0.034642 0.021222
0 0.356580 0.543660 0.034642 0.021222
0 0.350276 0.497100 0.028325 0.020782
0 0.350276 0.520715 0.028325 0.020782
0 0.382464 0.497100 0.028325 0.020782
0 0.382464 0.520715 0.028325 0.020782
0 0.414651 0.497100 0.028325 0.020782
0 0.414651 0.520715 0.028325 0.020782
