0 0.304651 0.591310 0.057232 0.061576
0 0.304651 0.661282 0.057232 0.061576
0 0.369688 0.591310 0.057232 0.061576
0 0.369688 0.661282 0.057232 0.061576
0 0.434724 0.591310 0.057232 0.061576
0 0.434724 0.661282 0.057232 0.061576
0 0.185167 0.540285 0.058378 0.053000
0 0.185167 0.600512 0.058378 0.053000
0 0.251505 0.540285 0.058378 0.053000
0 0.251505 0.600512 0.058378 0.053000
0 0.317844 0.540285 0.058378 0.053000
0 0.317844 0.600512 0.058378 0.053000
0 0.229550 0.467748 0.037383 0.026974
0 0.229550 0.498400 0.037383 0.026974
0 0.272031 0.467748 0.037383 0.026974
0 0.272031 0.498400 0.037383 0.026974
0 0.314512 0.467748 0.037383 0.026974
0 0.314512 0.498400 0.037383 0.026974
0 0.107974 0.506134 0.054789 0.041401
0 0.107974 0.553181 0.054789 0.041401
0 0.170234 0.506134 0.054789 0.041401
0 0.170234 0.553181 0.054789 0.041401
0 0.232495 0.506134 0.054789 0.041401
0 0.232495 0.553181 0.054789 0.041401
0 0.391071 0.547296 0.036989 0.039747
0 0.391071 0.592463 0.036989 0.039747
0 0.433104 0.547296 0.036989 0.039747
0 0.433104 0.592463 0.036989 0.039747
0 0.475137 0.547296 0.036989 0.039747
0 0.475137 0.592463 0.036989 0.039747
0 0.462483 0.481743 0.034303 0.032132
0 0.462483 0.518257 0.034303 0.032132
0 0.501464 0.481743 0.034303 0.032132
0 0.501464 0.518257 0.034303 0.032132
0 0.540444 0.481743 0.034303 0.032132
0 0.540444 0.518257 0.034303 0.032132
0 0.306252 0.440299 0.032540 0.022583
0 0.306252 0.465961 0.032540 0.022583
0 0.343229 0.440299 0.032540 0.022583
0 0.343229 0.465961 0.032540 0.022583
0 0.380207 0.440299 0.032540 0.022583
0 0.380207 0.465961 0.032540 0.022583
0 0.296552 0.489671 0.042978 0.033432
0 0.296552 0.527662 0.042978 0.033432
0 0.345391 0.489671 0.042978 0.033432
0 0.345391 0.527662 0.042978 0.033432
0 0.394229 0.489671 0.042978 0.033432
0 0.394229 0.527662 0.042978 0.033432
0 0.374531 0.458426 0.033550 0.027329
0 0.374531 0.489481 0.033550 0.027329
0 0.412656 0.458426 0.033550 0.027329
0 0.412656 0.489481 0.033550 0.027329
0 0.450781 0.458426 0.033550 0.027329
0 0.450781 0.489481 0.033550 0.027329
