0 0.064714 0.464012 0.113896 0.314449
0 0.064714 0.821340 0.113896 0.314449
0 0.194141 0.464012 0.113896 0.314449
0 0.194141 0.821340 0.113896 0.314449
0 0.323568 0.464012 0.113896 0.314449
0 0.323568 0.821340 0.113896 0.314449
0 0.234196 0.356745 0.079894 0.133556
0 0.234196 0.508514 0.079894 0.133556
0 0.324984 0.356745 0.079894 0.133556
0 0.324984 0.508514 0.079894 0.133556
0 0.415773 0.356745 0.079894 0.133556
0 0.415773 0.508514 0.079894 0.133556
0 0.047503 0.115664 0.083606 0.092209
0 0.047503 0.220447 0.083606 0.092209
0 0.142510 0.115664 0.083606 0.092209
0 0.142510 0.220447 0.083606 0.092209
0 0.237517 0.115664 0.083606 0.092209
0 0.237517 0.220447 0.083606 0.092209
0 0.354997 0.327440 0.049590 0.081979
0 0.354997 0.420597 0.049590 0.081979
0 0.411349 0.327440 0.049590 0.081979
0 0.411349 0.420597 0.049590 0.081979
0 0.467701 0.327440 0.049590 0.081979
0 0.467701 0.420597 0.049590 0.081979
