0 0.239625 0.537692 0.045911 0.069051
0 0.239625 0.616160 0.045911 0.069051
0 0.291797 0.537692 0.045911 0.069051
0 0.291797 0.616160 0.045911 0.069051
0 0.343969 0.537692 0.045911 0.069051
0 0.343969 0.616160 0.045911 0.069051
0 0.353410 0.480032 0.037626 0.044970
0 0.353410 0.531134 0.037626 0.044970
0 0.396167 0.480032 0.037626 0.044970
0 0.396167 0.531134 0.037626 0.044970
0 0.438924 0.480032 0.037626 0.044970
0 0.438924 0.531134 0.037626 0.044970
0 0.444625 0.440299 0.030869 0.032083
0 0.444625 0.476757 0.030869 0.032083
0 0.479703 0.440299 0.030869 0.032083
0 0.479703 0.476757 0.030869 0.032083
0 0.514781 0.440299 0.030869 0.032083
0 0.514781 0.476757 0.030869 0.032083
0 0.276156 0.608468 0.057489 0.099921
0 0.276156 0.722014 0.057489 0.099921
0 0.341484 0.608468 0.057489 0.099921
0 0.341484 0.722014 0.057489 0.099921
0 0.406813 0.608468 0.057489 0.099921
0 0.406813 0.722014 0.057489 0.099921
0 0.358613 0.736912 0.065117 0.146724
0 0.358613 0.903644 0.065117 0.146724
0 0.432609 0.736912 0.065117 0.146724
0 0.432609 0.903644 0.065117 0.146724
0 0.506606 0.736912 0.065117 0.146724
0 0.506606 0.903644 0.065117 0.146724
0 0.416488 0.524963 0.043218 0.054804
0 0.416488 0.587241 0.043218 0.054804
0 0.465599 0.524963 0.043218 0.054804
0 0.465599 0.587241 0.043218 0.054804
0 0.514710 0.524963 0.043218 0.054804
0 0.514710 0.587241 0.043218 0.054804
0 0.510521 0.478873 0.034554 0.042937
0 0.510521 0.527664 0.034554 0.042937
0 0.549786 0.478873 0.034554 0.042937
0 0.549786 0.527664 0.034554 0.042937
0 0.589052 0.478873 0.034554 0.042937
0 0.589052 0.527664 0.034554 0.042937
0 0.590661 0.522069 0.047273 0.053786
0 0.590661 0.583190 0.047273 0.053786
0 0.644380 0.522069 0.047273 0.053786
0 0.644380 0.583190 0.047273 0.053786
0 0.698099 0.522069 0.047273 0.053786
0 0.698099 0.583190 0.047273 0.053786
0 0.500174 0.608856 0.055301 0.084309
0 0.500174 0.704662 0.055301 0.084309
0 0.563016 0.608856 0.055301 0.084309
0 0.563016 0.704662 0.055301 0.084309
0 0.625858 0.608856 0.055301 0.084309
0 0.625858 0.704662 0.055301 0.084309
