0 0.364394 0.773150 0.093625 0.133088
0 0.364394 0.924387 0.093625 0.133088
0 0.470786 0.773150 0.093625 0.133088
0 0.470786 0.924387 0.093625 0.133088
0 0.577179 0.773150 0.093625 0.133088
0 0.577179 0.924387 0.093625 0.133088
0 0.093361 0.752317 0.104728 0.145310
0 0.093361 0.917442 0.104728 0.145310
0 0.212370 0.752317 0.104728 0.145310
0 0.212370 0.917442 0.104728 0.145310
0 0.331378 0.752317 0.104728 0.145310
0 0.331378 0.917442 0.104728 0.145310
0 0.449826 0.615991 0.052252 0.054788
0 0.449826 0.678250 0.052252 0.054788
0 0.509203 0.615991 0.052252 0.054788
0 0.509203 0.678250 0.052252 0.054788
0 0.568580 0.615991 0.052252 0.054788
0 0.568580 0.678250 0.052252 0.054788
0 0.288304 0.595368 0.055961 0.044265
0 0.288304 0.645669 0.055961 0.044265
0 0.351896 0.595368 0.055961 0.044265
0 0.351896 0.645669 0.055961 0.044265
0 0.415488 0.595368 0.055961 0.044265
0 0.415488 0.645669 0.055961 0.044265
0 0.146097 0.564123 0.062339 0.046310
0 0.146097 0.616748 0.062339 0.046310
0 0.216937 0.564123 0.062339 0.046310
0 0.216937 0.616748 0.062339 0.046310
0 0.287778 0.564123 0.062339 0.046310
0 0.287778 0.616748 0.062339 0.046310
0 0.035066 0.701627 0.061716 0.113133
0 0.035066 0.830187 0.061716 0.113133
0 0.105198 0.701627 0.061716 0.113133
0 0.105198 0.830187 0.061716 0.113133
0 0.175330 0.701627 0.061716 0.113133
0 0.175330 0.830187 0.061716 0.113133
0 0.487514 0.535965 0.035321 0.037494
0 0.487514 0.578572 0.035321 0.037494
0 0.527651 0.535965 0.035321 0.037494
0 0.527651 0.578572 0.035321 0.037494
0 0.567788 0.535965 0.035321 0.037494
0 0.567788 0.578572 0.035321 0.037494
0 0.365925 0.532306 0.039024 0.026970
0 0.365925 0.562954 0.039024 0.026970
0 0.410271 0.532306 0.039024 0.026970
0 0.410271 0.562954 0.039024 0.026970
0 0.454616 0.532306 0.039024 0.026970
0 0.454616 0.562954 0.039024 0.026970
0 0.259375 0.520727 0.041708 0.022904
0 0.259375 0.546755 0.041708 0.022904
0 0.306771 0.520727 0.041708 0.022904
0 0.306771 0.546755 0.041708 0.022904
0 0.354167 0.520727 0.041708 0.022904
0 0.354167 0.546755 0.041708 0.022904
