0 0.441222 0.702799 0.040926 0.054083
0 0.441222 0.764257 0.040926 0.054083
0 0.487729 0.702799 0.040926 0.054083
0 0.487729 0.764257 0.040926 0.054083
0 0.534236 0.702799 0.040926 0.054083
0 0.534236 0.764257 0.040926 0.054083
0 0.373078 0.806942 0.058497 0.090709
0 0.373078 0.910021 0.058497 0.090709
0 0.439552 0.806942 0.058497 0.090709
0 0.439552 0.910021 0.058497 0.090709
0 0.506026 0.806942 0.058497 0.090709
0 0.506026 0.910021 0.058497 0.090709
0 0.309061 0.943289 0.071868 0.033273
0 0.309061 0.981100 0.071868 0.033273
0 0.390729 0.943289 0.071868 0.033273
0 0.390729 0.981100 0.071868 0.033273
0 0.472398 0.943289 0.071868 0.033273
0 0.472398 0.981100 0.071868 0.033273
0 0.204832 0.764512 0.064879 0.081217
0 0.204832 0.856803 0.064879 0.081217
0 0.278557 0.764512 0.064879 0.081217
0 0.278557 0.856803 0.064879 0.081217
0 0.352283 0.764512 0.064879 0.081217
0 0.352283 0.856803 0.064879 0.081217
0 0.312540 0.664991 0.045904 0.052735
0 0.312540 0.724917 0.045904 0.052735
0 0.364703 0.664991 0.045904 0.052735
0 0.364703 0.724917 0.045904 0.052735
0 0.416866 0.664991 0.045904 0.052735
0 0.416866 0.724917 0.045904 0.052735
0 0.200203 0.645713 0.047570 0.043234
0 0.200203 0.694843 0.047570 0.043234
0 0.254260 0.645713 0.047570 0.043234
0 0.254260 0.694843 0.047570 0.043234
0 0.308318 0.645713 0.047570 0.043234
0 0.308318 0.694843 0.047570 0.043234
0 0.058792 0.716292 0.071385 0.069691
0 0.058792 0.795486 0.071385 0.069691
0 0.139911 0.716292 0.071385 0.069691
0 0.139911 0.795486 0.071385 0.069691
0 0.221031 0.716292 0.071385 0.069691
0 0.221031 0.795486 0.071385 0.069691
0 0.060087 0.889470 0.082841 0.064847
0 0.060087 0.963160 0.082841 0.064847
0 0.154224 0.889470 0.082841 0.064847
0 0.154224 0.963160 0.082841 0.064847
0 0.248361 0.889470 0.082841 0.064847
0 0.248361 0.963160 0.082841 0.064847
0 0.020458 0.831824 0.036007 0.073399
0 0.020458 0.915231 0.036007 0.073399
0 0.061375 0.831824 0.036007 0.073399
0 0.061375 0.915231 0.036007 0.073399
0 0.102292 0.831824 0.036007 0.073399
0 0.102292 0.915231 0.036007 0.073399
