0 0.375556 0.607285 0.043676 0.048746
0 0.375556 0.662678 0.043676 0.048746
0 0.425187 0.607285 0.043676 0.048746
0 0.425187 0.662678 0.043676 0.048746
0 0.474819 0.607285 0.043676 0.048746
0 0.474819 0.662678 0.043676 0.048746
0 0.183493 0.616144 0.054474 0.050201
0 0.183493 0.673190 0.054474 0.050201
0 0.245396 0.616144 0.054474 0.050201
0 0.245396 0.673190 0.054474 0.050201
0 0.307299 0.616144 0.054474 0.050201
0 0.307299 0.673190 0.054474 0.050201
0 0.376490 0.542199 0.032775 0.024599
0 0.376490 0.570153 0.032775 0.024599
0 0.413734 0.542199 0.032775 0.024599
0 0.413734 0.570153 0.032775 0.024599
0 0.450979 0.542199 0.032775 0.024599
0 0.450979 0.570153 0.032775 0.024599
0 0.243160 0.547185 0.036434 0.026188
0 0.243160 0.576944 0.036434 0.026188
0 0.284562 0.547185 0.036434 0.026188
0 0.284562 0.576944 0.036434 0.026188
0 0.325965 0.547185 0.036434 0.026188
0 0.325965 0.576944 0.036434 0.026188
