0 0.327759 0.828042 0.068857 0.100882
0 0.327759 0.942681 0.068857 0.100882
0 0.406005 0.828042 0.068857 0.100882
0 0.406005 0.942681 0.068857 0.100882
0 0.484252 0.828042 0.068857 0.100882
0 0.484252 0.942681 0.068857 0.100882
0 0.137939 0.764701 0.081641 0.107038
0 0.137939 0.886336 0.081641 0.107038
0 0.230714 0.764701 0.081641 0.107038
0 0.230714 0.886336 0.081641 0.107038
0 0.323488 0.764701 0.081641 0.107038
0 0.323488 0.886336 0.081641 0.107038
0 0.049359 0.715630 0.069680 0.078059
0 0.049359 0.804333 0.069680 0.078059
0 0.128542 0.715630 0.069680 0.078059
0 0.128542 0.804333 0.069680 0.078059
0 0.207724 0.715630 0.069680 0.078059
0 0.207724 0.804333 0.069680 0.078059
0 0.306186 0.661993 0.052989 0.047956
0 0.306186 0.716488 0.052989 0.047956
0 0.366401 0.661993 0.052989 0.047956
0 0.366401 0.716488 0.052989 0.047956
0 0.426616 0.661993 0.052989 0.047956
0 0.426616 0.716488 0.052989 0.047956
0 0.423668 0.716488 0.049343 0.064391
0 0.423668 0.789660 0.049343 0.064391
0 0.479740 0.716488 0.049343 0.064391
0 0.479740 0.789660 0.049343 0.064391
0 0.535811 0.716488 0.049343 0.064391
0 0.535811 0.789660 0.049343 0.064391
0 0.209837 0.637981 0.048663 0.045141
0 0.209837 0.689278 0.048663 0.045141
0 0.265135 0.637981 0.048663 0.045141
0 0.265135 0.689278 0.048663 0.045141
0 0.320434 0.637981 0.048663 0.045141
0 0.320434 0.689278 0.048663 0.045141
0 0.294762 0.593058 0.040533 0.031774
0 0.294762 0.629164 0.040533 0.031774
0 0.340823 0.593058 0.040533 0.031774
0 0.340823 0.629164 0.040533 0.031774
0 0.386884 0.593058 0.040533 0.031774
0 0.386884 0.629164 0.040533 0.031774
0 0.376845 0.605590 0.037623 0.045960
0 0.376845 0.657817 0.037623 0.045960
0 0.419599 0.605590 0.037623 0.045960
0 0.419599 0.657817 0.037623 0.045960
0 0.462352 0.605590 0.037623 0.045960
0 0.462352 0.657817 0.037623 0.045960
0 0.478399 0.628352 0.037612 0.053419
0 0.478399 0.689056 0.037612 0.053419
0 0.521141 0.628352 0.037612 0.053419
0 0.521141 0.689056 0.037612 0.053419
0 0.563882 0.628352 0.037612 0.053419
0 0.563882 0.689056 0.037612 0.053419
