0 0.069922 0.431366 0.123058 0.285259
0 0.069922 0.755523 0.123058 0.285259
0 0.209760 0.431366 0.123058 0.285259
0 0.209760 0.755523 0.123058 0.285259
0 0.349599 0.431366 0.123058 0.285259
0 0.349599 0.755523 0.123058 0.285259
0 0.256472 0.327831 0.082437 0.123400
0 0.256472 0.468058 0.082437 0.123400
0 0.350151 0.327831 0.082437 0.123400
0 0.350151 0.468058 0.082437 0.123400
0 0.443830 0.327831 0.082437 0.123400
0 0.443830 0.468058 0.082437 0.123400
0 0.049094 0.070924 0.086405 0.111243
0 0.049094 0.197336 0.086405 0.111243
0 0.147281 0.070924 0.086405 0.111243
0 0.147281 0.197336 0.086405 0.111243
0 0.245469 0.070924 0.086405 0.111243
0 0.245469 0.197336 0.086405 0.111243
