0 0.737934 0.454368 0.054384 0.077216
0 0.737934 0.542113 0.054384 0.077216
0 0.799734 0.454368 0.054384 0.077216
0 0.799734 0.542113 0.054384 0.077216
0 0.861535 0.454368 0.054384 0.077216
0 0.861535 0.542113 0.054384 0.077216
0 0.559991 0.407891 0.052876 0.056528
0 0.559991 0.472127 0.052876 0.056528
0 0.620078 0.407891 0.052876 0.056528
0 0.620078 0.472127 0.052876 0.056528
0 0.680165 0.407891 0.052876 0.056528
0 0.680165 0.472127 0.052876 0.056528
0 0.743066 0.355620 0.047384 0.041947
0 0.743066 0.403287 0.047384 0.041947
0 0.796911 0.355620 0.047384 0.041947
0 0.796911 0.403287 0.047384 0.041947
0 0.850757 0.355620 0.047384 0.041947
0 0.850757 0.403287 0.047384 0.041947
0 0.591313 0.326690 0.046127 0.039918
0 0.591313 0.372051 0.046127 0.039918
0 0.643729 0.326690 0.046127 0.039918
0 0.643729 0.372051 0.046127 0.039918
0 0.696146 0.326690 0.046127 0.039918
0 0.696146 0.372051 0.046127 0.039918
0 0.468132 0.304706 0.042449 0.041959
0 0.468132 0.352387 0.042449 0.041959
0 0.516370 0.304706 0.042449 0.041959
0 0.516370 0.352387 0.042449 0.041959
0 0.564608 0.304706 0.042449 0.041959
0 0.564608 0.352387 0.042449 0.041959
0 0.751243 0.282722 0.041146 0.035852
0 0.751243 0.323463 0.041146 0.035852
0 0.798000 0.282722 0.041146 0.035852
0 0.798000 0.323463 0.041146 0.035852
0 0.844757 0.282722 0.041146 0.035852
0 0.844757 0.323463 0.041146 0.035852
0 0.623575 0.267289 0.038741 0.033143
0 0.623575 0.304951 0.038741 0.033143
0 0.667599 0.267289 0.038741 0.033143
0 0.667599 0.304951 0.038741 0.033143
0 0.711623 0.267289 0.038741 0.033143
0 0.711623 0.304951 0.038741 0.033143
