0 0.052420 0.797456 0.092259 0.118829
0 0.052420 0.932488 0.092259 0.118829
0 0.157260 0.797456 0.092259 0.118829
0 0.157260 0.932488 0.092259 0.118829
0 0.262101 0.797456 0.092259 0.118829
0 0.262101 0.932488 0.092259 0.118829
0 0.314486 0.839123 0.083704 0.094384
0 0.314486 0.946377 0.083704 0.094384
0 0.409604 0.839123 0.083704 0.094384
0 0.409604 0.946377 0.083704 0.094384
0 0.504722 0.839123 0.083704 0.094384
0 0.504722 0.946377 0.083704 0.094384
0 0.168448 0.653035 0.067302 0.060203
0 0.168448 0.721447 0.067302 0.060203
0 0.244927 0.653035 0.067302 0.060203
0 0.244927 0.721447 0.067302 0.060203
0 0.321406 0.653035 0.067302 0.060203
0 0.321406 0.721447 0.067302 0.060203
0 0.350300 0.697012 0.043607 0.056120
0 0.350300 0.760785 0.043607 0.056120
0 0.399854 0.697012 0.043607 0.056120
0 0.399854 0.760785 0.043607 0.056120
0 0.449408 0.697012 0.043607 0.056120
0 0.449408 0.760785 0.043607 0.056120
0 0.033906 0.601345 0.059680 0.058858
0 0.033906 0.668229 0.059680 0.058858
0 0.101724 0.601345 0.059680 0.058858
0 0.101724 0.668229 0.059680 0.058858
0 0.169542 0.601345 0.059680 0.058858
0 0.169542 0.668229 0.059680 0.058858
0 0.391747 0.617940 0.036349 0.039168
0 0.391747 0.662449 0.036349 0.039168
0 0.433052 0.617940 0.036349 0.039168
0 0.433052 0.662449 0.036349 0.039168
0 0.474358 0.617940 0.036349 0.039168
0 0.474358 0.662449 0.036349 0.039168
0 0.257347 0.583220 0.042727 0.035106
0 0.257347 0.623113 0.042727 0.035106
0 0.305901 0.583220 0.042727 0.035106
0 0.305901 0.623113 0.042727 0.035106
0 0.354455 0.583220 0.042727 0.035106
0 0.354455 0.623113 0.042727 0.035106
0 0.112823 0.541752 0.054198 0.031383
0 0.112823 0.577414 0.054198 0.031383
0 0.174411 0.541752 0.054198 0.031383
0 0.174411 0.577414 0.054198 0.031383
0 0.236000 0.541752 0.054198 0.031383
0 0.236000 0.577414 0.054198 0.031383
