0 0.128014 0.526037 0.038492 0.067988
0 0.128014 0.603296 0.038492 0.067988
0 0.171755 0.526037 0.038492 0.067988
0 0.171755 0.603296 0.038492 0.067988
0 0.215497 0.526037 0.038492 0.067988
0 0.215497 0.603296 0.038492 0.067988
0 0.596903 0.797530 0.017851 0.077534
0 0.596903 0.885637 0.017851 0.077534
0 0.617188 0.797530 0.017851 0.077534
0 0.617188 0.885637 0.017851 0.077534
0 0.637472 0.797530 0.017851 0.077534
0 0.637472 0.885637 0.017851 0.077534
0 0.753905 0.518667 0.040821 0.067988
0 0.753905 0.595926 0.040821 0.067988
0 0.800292 0.518667 0.040821 0.067988
0 0.800292 0.595926 0.040821 0.067988
0 0.846679 0.518667 0.040821 0.067988
0 0.846679 0.595926 0.040821 0.067988
0 0.666323 0.525313 0.034966 0.067748
0 0.666323 0.602299 0.034966 0.067748
0 0.706057 0.525313 0.034966 0.067748
0 0.706057 0.602299 0.034966 0.067748
0 0.745792 0.525313 0.034966 0.067748
0 0.745792 0.602299 0.034966 0.067748
0 0.480806 0.804611 0.015603 0.078059
0 0.480806 0.893315 0.015603 0.078059
0 0.498536 0.804611 0.015603 0.078059
0 0.498536 0.893315 0.015603 0.078059
0 0.516267 0.804611 0.015603 0.078059
0 0.516267 0.893315 0.015603 0.078059
0 0.238200 0.819907 0.027572 0.080161
0 0.238200 0.911000 0.027572 0.080161
0 0.269531 0.819907 0.027572 0.080161
0 0.269531 0.911000 0.027572 0.080161
0 0.300863 0.819907 0.027572 0.080161
0 0.300863 0.911000 0.027572 0.080161
0 0.072186 0.816486 0.027625 0.077008
0 0.072186 0.903995 0.027625 0.077008
0 0.103578 0.816486 0.027625 0.077008
0 0.103578 0.903995 0.027625 0.077008
0 0.134970 0.816486 0.027625 0.077008
0 0.134970 0.903995 0.027625 0.077008
0 0.418661 0.809866 0.018512 0.076438
0 0.418661 0.896727 0.018512 0.076438
0 0.439698 0.809866 0.018512 0.076438
0 0.439698 0.896727 0.018512 0.076438
0 0.460734 0.809866 0.018512 0.076438
0 0.460734 0.896727 0.018512 0.076438
0 0.539184 0.800674 0.014931 0.076580
0 0.539184 0.887697 0.014931 0.076580
0 0.556151 0.800674 0.014931 0.076580
0 0.556151 0.887697 0.014931 0.076580
0 0.573118 0.800674 0.014931 0.076580
0 0.573118 0.887697 0.014931 0.076580
0 0.588825 0.522079 0.027966 0.068844
0 0.588825 0.600310 0.027966 0.068844
0 0.620604 0.522079 0.027966 0.068844
0 0.620604 0.600310 0.027966 0.068844
0 0.652384 0.522079 0.027966 0.068844
0 0.652384 0.600310 0.027966 0.068844
0 0.506736 0.523847 0.022003 0.070327
0 0.506736 0.603764 0.022003 0.070327
0 0.531740 0.523847 0.022003 0.070327
0 0.531740 0.603764 0.022003 0.070327
0 0.556743 0.523847 0.022003 0.070327
0 0.556743 0.603764 0.022003 0.070327
0 0.416828 0.523250 0.021198 0.070612
0 0.416828 0.603491 0.021198 0.070612
0 0.440917 0.523250 0.021198 0.070612
0 0.440917 0.603491 0.021198 0.070612
0 0.465005 0.523250 0.021198 0.070612
0 0.465005 0.603491 0.021198 0.070612
0 0.321780 0.525632 0.028574 0.069467
0 0.321780 0.604572 0.028574 0.069467
0 0.354250 0.525632 0.028574 0.069467
0 0.354250 0.604572 0.028574 0.069467
0 0.386720 0.525632 0.028574 0.069467
0 0.386720 0.604572 0.028574 0.069467
0 0.667524 0.800697 0.025315 0.079587
0 0.667524 0.891137 0.025315 0.079587
0 0.696292 0.800697 0.025315 0.079587
0 0.696292 0.891137 0.025315 0.079587
0 0.725059 0.800697 0.025315 0.079587
0 0.725059 0.891137 0.025315 0.079587
0 0.227847 0.527854 0.035298 0.066680
0 0.227847 0.603627 0.035298 0.066680
0 0.267958 0.527854 0.035298 0.066680
0 0.267958 0.603627 0.035298 0.066680
0 0.308069 0.527854 0.035298 0.066680
0 0.308069 0.603627 0.035298 0.066680
0 0.033464 0.523616 0.045971 0.067361
0 0.033464 0.600162 0.045971 0.067361
0 0.085703 0.523616 0.045971 0.067361
0 0.085703 0.600162 0.045971 0.067361
0 0.137943 0.523616 0.045971 0.067361
0 0.137943 0.600162 0.045971 0.067361
0 0.124505 0.808875 0.033632 0.084602
0 0.124505 0.905014 0.033632 0.084602
0 0.162724 0.808875 0.033632 0.084602
0 0.162724 0.905014 0.033632 0.084602
0 0.200943 0.808875 0.033632 0.084602
0 0.200943 0.905014 0.033632 0.084602
0 0.362710 0.808287 0.022200 0.087658
0 0.362710 0.907898 0.022200 0.087658
0 0.387937 0.808287 0.022200 0.087658
0 0.387937 0.907898 0.022200 0.087658
0 0.413165 0.808287 0.022200 0.087658
0 0.413165 0.907898 0.022200 0.087658
