0 0.063297 0.828014 0.111398 0.100899
0 0.063297 0.942671 0.111398 0.100899
0 0.189885 0.828014 0.111398 0.100899
0 0.189885 0.942671 0.111398 0.100899
0 0.316474 0.828014 0.111398 0.100899
0 0.316474 0.942671 0.111398 0.100899
0 0.249767 0.697442 0.072007 0.094963
0 0.249767 0.805354 0.072007 0.094963
0 0.331594 0.697442 0.072007 0.094963
0 0.331594 0.805354 0.072007 0.094963
0 0.413420 0.697442 0.072007 0.094963
0 0.413420 0.805354 0.072007 0.094963
0 0.357547 0.609752 0.047158 0.055094
0 0.357547 0.672359 0.047158 0.055094
0 0.411135 0.609752 0.047158 0.055094
0 0.411135 0.672359 0.047158 0.055094
0 0.464724 0.609752 0.047158 0.055094
0 0.464724 0.672359 0.047158 0.055094
0 0.228311 0.569238 0.050647 0.041006
0 0.228311 0.615836 0.050647 0.041006
0 0.285865 0.569238 0.050647 0.041006
0 0.285865 0.615836 0.050647 0.041006
0 0.343418 0.569238 0.050647 0.041006
0 0.343418 0.615836 0.050647 0.041006
0 0.025696 0.718560 0.045225 0.092767
0 0.025696 0.823977 0.045225 0.092767
0 0.077089 0.718560 0.045225 0.092767
0 0.077089 0.823977 0.045225 0.092767
0 0.128481 0.718560 0.045225 0.092767
0 0.128481 0.823977 0.045225 0.092767
0 0.061203 0.631213 0.082647 0.069716
0 0.061203 0.710435 0.082647 0.069716
0 0.155120 0.631213 0.082647 0.069716
0 0.155120 0.710435 0.082647 0.069716
0 0.249036 0.631213 0.082647 0.069716
0 0.249036 0.710435 0.082647 0.069716
0 0.027536 0.575007 0.047172 0.046074
0 0.027536 0.627363 0.047172 0.046074
0 0.081141 0.575007 0.047172 0.046074
0 0.081141 0.627363 0.047172 0.046074
0 0.134745 0.575007 0.047172 0.046074
0 0.134745 0.627363 0.047172 0.046074
0 0.105526 0.531653 0.056040 0.035453
0 0.105526 0.571940 0.056040 0.035453
0 0.169208 0.531653 0.056040 0.035453
0 0.169208 0.571940 0.056040 0.035453
0 0.232891 0.531653 0.056040 0.035453
0 0.232891 0.571940 0.056040 0.035453
