0 0.256023 0.340370 0.051419 0.040317
0 0.256023 0.386185 0.051419 0.040317
0 0.314453 0.340370 0.051419 0.040317
0 0.314453 0.386185 0.051419 0.040317
0 0.372884 0.340370 0.051419 0.040317
0 0.372884 0.386185 0.051419 0.040317
0 0.055420 0.548829 0.092168 0.165383
0 0.055420 0.736764 0.092168 0.165383
0 0.160156 0.548829 0.092168 0.165383
0 0.160156 0.736764 0.092168 0.165383
0 0.264892 0.548829 0.092168 0.165383
0 0.264892 0.736764 0.092168 0.165383
0 0.032314 0.261667 0.056341 0.048221
0 0.032314 0.316463 0.056341 0.048221
0 0.096339 0.261667 0.056341 0.048221
0 0.096339 0.316463 0.056341 0.048221
0 0.160363 0.261667 0.056341 0.048221
0 0.160363 0.316463 0.056341 0.048221
0 0.366208 0.424863 0.048340 0.061971
0 0.366208 0.495285 0.048340 0.061971
0 0.421141 0.424863 0.048340 0.061971
0 0.421141 0.495285 0.048340 0.061971
0 0.476073 0.424863 0.048340 0.061971
0 0.476073 0.495285 0.048340 0.061971
0 0.022464 0.365588 0.039531 0.075770
0 0.022464 0.451690 0.039531 0.075770
0 0.067385 0.365588 0.039531 0.075770
0 0.067385 0.451690 0.039531 0.075770
0 0.112307 0.365588 0.039531 0.075770
0 0.112307 0.451690 0.039531 0.075770
0 0.153116 0.268829 0.049485 0.031786
0 0.153116 0.304949 0.049485 0.031786
0 0.209349 0.268829 0.049485 0.031786
0 0.209349 0.304949 0.049485 0.031786
0 0.265582 0.268829 0.049485 0.031786
0 0.265582 0.304949 0.049485 0.031786
0 0.080127 0.356968 0.079148 0.052466
0 0.080127 0.416588 0.079148 0.052466
0 0.170068 0.356968 0.079148 0.052466
0 0.170068 0.416588 0.079148 0.052466
0 0.260009 0.356968 0.079148 0.052466
0 0.260009 0.416588 0.079148 0.052466
0 0.222766 0.466704 0.076588 0.089434
0 0.222766 0.568333 0.076588 0.089434
0 0.309797 0.466704 0.076588 0.089434
0 0.309797 0.568333 0.076588 0.089434
0 0.396828 0.466704 0.076588 0.089434
0 0.396828 0.568333 0.076588 0.089434
