0 0.063470 0.741444 0.111703 0.151686
0 0.063470 0.913815 0.111703 0.151686
0 0.190406 0.741444 0.111703 0.151686
0 0.190406 0.913815 0.111703 0.151686
0 0.317342 0.741444 0.111703 0.151686
0 0.317342 0.913815 0.111703 0.151686
0 0.026979 0.613525 0.047488 0.080654
0 0.026979 0.705178 0.047488 0.080654
0 0.080943 0.613525 0.047488 0.080654
0 0.080943 0.705178 0.047488 0.080654
0 0.134906 0.613525 0.047488 0.080654
0 0.134906 0.705178 0.047488 0.080654
0 0.091785 0.542829 0.076905 0.056752
0 0.091785 0.607319 0.076905 0.056752
0 0.179177 0.542829 0.076905 0.056752
0 0.179177 0.607319 0.076905 0.056752
0 0.266569 0.542829 0.076905 0.056752
0 0.266569 0.607319 0.076905 0.056752
0 0.031115 0.486655 0.053364 0.039376
0 0.031115 0.531400 0.053364 0.039376
0 0.091755 0.486655 0.053364 0.039376
0 0.091755 0.531400 0.053364 0.039376
0 0.152396 0.486655 0.053364 0.039376
0 0.152396 0.531400 0.053364 0.039376
0 0.253255 0.499891 0.045045 0.029981
0 0.253255 0.533961 0.045045 0.029981
0 0.304443 0.499891 0.045045 0.029981
0 0.304443 0.533961 0.045045 0.029981
0 0.355630 0.499891 0.045045 0.029981
0 0.355630 0.533961 0.045045 0.029981
0 0.259859 0.603174 0.068860 0.085983
0 0.259859 0.700882 0.068860 0.085983
0 0.338109 0.603174 0.068860 0.085983
0 0.338109 0.700882 0.068860 0.085983
0 0.416359 0.603174 0.068860 0.085983
0 0.416359 0.700882 0.068860 0.085983
0 0.367073 0.561595 0.046672 0.049048
0 0.367073 0.617331 0.046672 0.049048
0 0.420109 0.561595 0.046672 0.049048
0 0.420109 0.617331 0.046672 0.049048
0 0.473146 0.561595 0.046672 0.049048
0 0.473146 0.617331 0.046672 0.049048
0 0.136274 0.461234 0.051317 0.028172
0 0.136274 0.493248 0.051317 0.028172
0 0.194589 0.461234 0.051317 0.028172
0 0.194589 0.493248 0.051317 0.028172
0 0.252903 0.461234 0.051317 0.028172
0 0.252903 0.493248 0.051317 0.028172
