0 0.433561 0.411178 0.018271 0.017498
0 0.433561 0.431063 0.018271 0.017498
0 0.454323 0.411178 0.018271 0.017498
0 0.454323 0.431063 0.018271 0.017498
0 0.475085 0.411178 0.018271 0.017498
0 0.475085 0.431063 0.018271 0.017498
0 0.492438 0.417350 0.021065 0.020211
0 0.492438 0.440317 0.021065 0.020211
0 0.516375 0.417350 0.021065 0.020211
0 0.516375 0.440317 0.021065 0.020211
0 0.540312 0.417350 0.021065 0.020211
0 0.540312 0.440317 0.021065 0.020211
0 0.558116 0.439718 0.022076 0.026995
0 0.558116 0.470394 0.022076 0.026995
0 0.583203 0.439718 0.022076 0.026995
0 0.583203 0.470394 0.022076 0.026995
0 0.608290 0.439718 0.022076 0.026995
0 0.608290 0.470394 0.022076 0.026995
0 0.576125 0.401535 0.019401 0.016822
0 0.576125 0.420650 0.019401 0.016822
0 0.598172 0.401535 0.019401 0.016822
0 0.598172 0.420650 0.019401 0.016822
0 0.620219 0.401535 0.019401 0.016822
0 0.620219 0.420650 0.019401 0.016822
0 0.512840 0.397287 0.020298 0.017502
0 0.512840 0.417176 0.020298 0.017502
0 0.535906 0.397287 0.020298 0.017502
0 0.535906 0.417176 0.020298 0.017502
0 0.558972 0.397287 0.020298 0.017502
0 0.558972 0.417176 0.020298 0.017502
0 0.463936 0.393236 0.021323 0.014447
0 0.463936 0.409653 0.021323 0.014447
0 0.488167 0.393236 0.021323 0.014447
0 0.488167 0.409653 0.021323 0.014447
0 0.512398 0.393236 0.021323 0.014447
0 0.512398 0.409653 0.021323 0.014447
