0 0.582337 0.728931 0.127203 0.159027
0 0.582337 0.909644 0.127203 0.159027
0 0.726885 0.728931 0.127203 0.159027
0 0.726885 0.909644 0.127203 0.159027
0 0.871434 0.728931 0.127203 0.159027
0 0.871434 0.909644 0.127203 0.159027
0 0.756139 0.640859 0.085838 0.118120
0 0.756139 0.775086 0.085838 0.118120
0 0.853682 0.640859 0.085838 0.118120
0 0.853682 0.775086 0.085838 0.118120
0 0.951226 0.640859 0.085838 0.118120
0 0.951226 0.775086 0.085838 0.118120
0 0.858259 0.560755 0.049098 0.046192
0 0.858259 0.613245 0.049098 0.046192
0 0.914052 0.560755 0.049098 0.046192
0 0.914052 0.613245 0.049098 0.046192
0 0.969845 0.560755 0.049098 0.046192
0 0.969845 0.613245 0.049098 0.046192
0 0.619649 0.538741 0.061533 0.057754
0 0.619649 0.604370 0.061533 0.057754
0 0.689573 0.538741 0.061533 0.057754
0 0.689573 0.604370 0.061533 0.057754
0 0.759497 0.538741 0.061533 0.057754
0 0.759497 0.604370 0.061533 0.057754
0 0.460134 0.577993 0.072276 0.069989
0 0.460134 0.657525 0.072276 0.069989
0 0.542266 0.577993 0.072276 0.069989
0 0.542266 0.657525 0.072276 0.069989
0 0.624398 0.577993 0.072276 0.069989
0 0.624398 0.657525 0.072276 0.069989
0 0.408106 0.503419 0.046001 0.048363
0 0.408106 0.558377 0.046001 0.048363
0 0.460380 0.503419 0.046001 0.048363
0 0.460380 0.558377 0.046001 0.048363
0 0.512655 0.503419 0.046001 0.048363
0 0.512655 0.558377 0.046001 0.048363
0 0.720160 0.505576 0.058224 0.050971
0 0.720160 0.563498 0.058224 0.050971
0 0.786323 0.505576 0.058224 0.050971
0 0.786323 0.563498 0.058224 0.050971
0 0.852486 0.505576 0.058224 0.050971
0 0.852486 0.563498 0.058224 0.050971
0 0.628878 0.462799 0.042860 0.026217
0 0.628878 0.492590 0.042860 0.026217
0 0.677583 0.462799 0.042860 0.026217
0 0.677583 0.492590 0.042860 0.026217
0 0.726288 0.462799 0.042860 0.026217
0 0.726288 0.492590 0.042860 0.026217
0 0.527733 0.481248 0.045652 0.025394
0 0.527733 0.510104 0.045652 0.025394
0 0.579609 0.481248 0.045652 0.025394
0 0.579609 0.510104 0.045652 0.025394
0 0.631486 0.481248 0.045652 0.025394
0 0.631486 0.510104 0.045652 0.025394
1 0.882656 0.666407 0.232089 0.192380
1 0.726214 0.537981 0.203823 0.097565
