0 0.202274767578125 0.77002534765625 0.19479588671875 0.709210912109375 0.06408460546875 0.687530384765625 0.032641171875 0.734426380859375 0.03569037890625 0.803033525390625 0.173045265625 0.81778122265625 0.202274767578125 0.77002534765625
0 0.279206880859375 0.680586310546875 0.151090501953125 0.65715872265625 0.1331468828125 0.70117465625 0.1988376640625 0.71059645703125 0.20441038671875 0.764346595703125 0.263735103515625 0.77381654296875 0.285279716796875 0.72128101953125 0.279206880859375 0.680586310546875
0 0.030501974609375 0.686294435546875 0.123472169921875 0.698414361328125 0.142333802734375 0.65194615625 0.0283364453125 0.637570029296875 0.030501974609375 0.686294435546875
0 0.167331607421875 0.61419921875 0.051369509765625 0.598443046875 0.030787111328125 0.6368165859375 0.150357833984375 0.658579634765625 0.167331607421875 0.61419921875
0 0.301455455078125 0.630998125 0.169893119140625 0.614551908203125 0.1463789453125 0.658609107421875 0.2809433359375 0.67743012109375 0.301455455078125 0.630998125
0 0.309786591796875 0.59337464453125 0.192255345703125 0.5804126328125 0.177180611328125 0.61732988671875 0.2963110625 0.62918680859375 0.309786591796875 0.59337464453125
0 0.325983341796875 0.5576698359375 0.2128377890625 0.542040080078125 0.1969668984375 0.578962244140625 0.31316617578125 0.5965038125 0.325983341796875 0.5576698359375
0 0.3414203203125 0.52987839453125 0.230866396484375 0.51784229296875 0.2137596796875 0.54486422265625 0.32824151171875 0.5595875390625 0.3414203203125 0.52987839453125
0 0.351213908203125 0.500151822265625 0.25090484375 0.485135712890625 0.236248283203125 0.51355596875 0.344426892578125 0.529741462890625 0.351213908203125 0.500151822265625
0 0.361183166015625 0.47437781640625 0.264284744140625 0.46380233984375 0.251700400390625 0.4851298203125 0.35516801171875 0.502765693359375 0.361183166015625 0.47437781640625
0 0.19130613671875 0.578436796875 0.08401384375 0.562812119140625 0.057609841796875 0.5955658515625 0.17533733984375 0.611680611328125 0.19130613671875 0.578436796875
0 0.2076785546875 0.546684556640625 0.1072350703125 0.530081962890625 0.08401384375 0.562812119140625 0.1935325625 0.5733257421875 0.2076785546875 0.546684556640625
0 0.230629806640625 0.5129066484375 0.131440564453125 0.501591962890625 0.10876384765625 0.52865515234375 0.221528232421875 0.540560220703125 0.230629806640625 0.5129066484375
0 0.24606678515625 0.48511520703125 0.15583468359375 0.477346033203125 0.13395356640625 0.504404318359375 0.236248283203125 0.51355596875 0.24606678515625 0.48511520703125
0 0.26167943359375 0.4612763359375 0.168963068359375 0.4503535703125 0.1534474609375 0.477363716796875 0.250841953125 0.483720693359375 0.26167943359375 0.4612763359375
