0 0.050009 0.615282 0.081759 0.214728
0 0.050009 0.859292 0.081759 0.214728
0 0.142917 0.615282 0.081759 0.214728
0 0.142917 0.859292 0.081759 0.214728
0 0.235825 0.615282 0.081759 0.214728
0 0.235825 0.859292 0.081759 0.214728
0 0.329825 0.438398 0.049783 0.061828
0 0.329825 0.508657 0.049783 0.061828
0 0.386396 0.438398 0.049783 0.061828
0 0.386396 0.508657 0.049783 0.061828
0 0.442967 0.438398 0.049783 0.061828
0 0.442967 0.508657 0.049783 0.061828
0 0.046087 0.364380 0.081117 0.068510
0 0.046087 0.442231 0.081117 0.068510
0 0.138266 0.364380 0.081117 0.068510
0 0.138266 0.442231 0.081117 0.068510
0 0.230444 0.364380 0.081117 0.068510
0 0.230444 0.442231 0.081117 0.068510
0 0.212967 0.353734 0.056606 0.044876
0 0.212967 0.404729 0.056606 0.044876
0 0.277292 0.353734 0.056606 0.044876
0 0.277292 0.404729 0.056606 0.044876
0 0.341616 0.353734 0.056606 0.044876
0 0.341616 0.404729 0.056606 0.044876
0 0.104278 0.282725 0.052303 0.031774
0 0.104278 0.318831 0.052303 0.031774
0 0.163714 0.282725 0.052303 0.031774
0 0.163714 0.318831 0.052303 0.031774
0 0.223149 0.282725 0.052303 0.031774
0 0.223149 0.318831 0.052303 0.031774
0 0.024792 0.276873 0.043638 0.047434
0 0.024792 0.330775 0.043638 0.047434
0 0.074380 0.276873 0.043638 0.047434
0 0.074380 0.330775 0.043638 0.047434
0 0.123969 0.276873 0.043638 0.047434
0 0.123969 0.330775 0.043638 0.047434
