0 0.296616 0.903359 0.100378 0.056699
0 0.296616 0.967789 0.100378 0.056699
0 0.410682 0.903359 0.100378 0.056699
0 0.410682 0.967789 0.100378 0.056699
0 0.524748 0.903359 0.100378 0.056699
0 0.524748 0.967789 0.100378 0.056699
0 0.339587 0.742525 0.075173 0.075114
0 0.339587 0.827882 0.075173 0.075114
0 0.425010 0.742525 0.075173 0.075114
0 0.425010 0.827882 0.075173 0.075114
0 0.510434 0.742525 0.075173 0.075114
0 0.510434 0.827882 0.075173 0.075114
0 0.375325 0.639921 0.046405 0.033057
0 0.375325 0.677486 0.046405 0.033057
0 0.428057 0.639921 0.046405 0.033057
0 0.428057 0.677486 0.046405 0.033057
0 0.480790 0.639921 0.046405 0.033057
0 0.480790 0.677486 0.046405 0.033057
0 0.039839 0.927664 0.070116 0.042440
0 0.039839 0.975891 0.070116 0.042440
0 0.119516 0.927664 0.070116 0.042440
0 0.119516 0.975891 0.070116 0.042440
0 0.199193 0.927664 0.070116 0.042440
0 0.199193 0.975891 0.070116 0.042440
0 0.198325 0.646289 0.056479 0.040183
0 0.198325 0.691951 0.056479 0.040183
0 0.262505 0.646289 0.056479 0.040183
0 0.262505 0.691951 0.056479 0.040183
0 0.326686 0.646289 0.056479 0.040183
0 0.326686 0.691951 0.056479 0.040183
0 0.053722 0.753711 0.094551 0.086651
0 0.053722 0.852178 0.094551 0.086651
0 0.161167 0.753711 0.094551 0.086651
0 0.161167 0.852178 0.094551 0.086651
0 0.268611 0.753711 0.094551 0.086651
0 0.268611 0.852178 0.094551 0.086651
0 0.036222 0.648025 0.063751 0.039164
0 0.036222 0.692530 0.063751 0.039164
0 0.108667 0.648025 0.063751 0.039164
0 0.108667 0.692530 0.063751 0.039164
0 0.181111 0.648025 0.063751 0.039164
0 0.181111 0.692530 0.063751 0.039164
