0 0.801432 0.629674 0.069896 0.100569
0 0.801432 0.743956 0.069896 0.100569
0 0.880859 0.629674 0.069896 0.100569
0 0.880859 0.743956 0.069896 0.100569
0 0.960286 0.629674 0.069896 0.100569
0 0.960286 0.743956 0.069896 0.100569
0 0.581689 0.587826 0.063565 0.063584
0 0.581689 0.660081 0.063565 0.063584
0 0.653922 0.587826 0.063565 0.063584
0 0.653922 0.660081 0.063565 0.063584
0 0.726155 0.587826 0.063565 0.063584
0 0.726155 0.660081 0.063565 0.063584
0 0.811424 0.520322 0.059976 0.058850
0 0.811424 0.587197 0.059976 0.058850
0 0.879578 0.520322 0.059976 0.058850
0 0.879578 0.587197 0.059976 0.058850
0 0.947733 0.520322 0.059976 0.058850
0 0.947733 0.587197 0.059976 0.058850
0 0.625670 0.497951 0.053888 0.043923
0 0.625670 0.547863 0.053888 0.043923
0 0.686906 0.497951 0.053888 0.043923
0 0.686906 0.547863 0.053888 0.043923
0 0.748142 0.497951 0.053888 0.043923
0 0.748142 0.547863 0.053888 0.043923
0 0.476953 0.480016 0.048813 0.032727
0 0.476953 0.517206 0.048813 0.032727
0 0.532422 0.480016 0.048813 0.032727
0 0.532422 0.517206 0.048813 0.032727
0 0.587891 0.480016 0.048813 0.032727
0 0.587891 0.517206 0.048813 0.032727
0 0.662344 0.428132 0.045865 0.035114
0 0.662344 0.468035 0.045865 0.035114
0 0.714464 0.428132 0.045865 0.035114
0 0.714464 0.468035 0.045865 0.035114
0 0.766583 0.428132 0.045865 0.035114
0 0.766583 0.468035 0.045865 0.035114
0 0.809033 0.451273 0.053486 0.035110
0 0.809033 0.491171 0.053486 0.035110
0 0.869812 0.451273 0.053486 0.035110
0 0.869812 0.491171 0.053486 0.035110
0 0.930592 0.451273 0.053486 0.035110
0 0.930592 0.491171 0.053486 0.035110
0 0.526792 0.423697 0.042570 0.031383
0 0.526792 0.459359 0.042570 0.031383
0 0.575167 0.423697 0.042570 0.031383
0 0.575167 0.459359 0.042570 0.031383
0 0.623542 0.423697 0.042570 0.031383
0 0.623542 0.459359 0.042570 0.031383
