0 0.560786 0.701241 0.070313 0.112461
0 0.560786 0.829037 0.070313 0.112461
0 0.640687 0.701241 0.070313 0.112461
0 0.640687 0.829037 0.070313 0.112461
0 0.720589 0.701241 0.070313 0.112461
0 0.720589 0.829037 0.070313 0.112461
0 0.381899 0.818289 0.092351 0.106606
0 0.381899 0.939433 0.092351 0.106606
0 0.486844 0.818289 0.092351 0.106606
0 0.486844 0.939433 0.092351 0.106606
0 0.591788 0.818289 0.092351 0.106606
0 0.591788 0.939433 0.092351 0.106606
0 0.454238 0.619088 0.050088 0.057501
0 0.454238 0.684431 0.050088 0.057501
0 0.511156 0.619088 0.050088 0.057501
0 0.511156 0.684431 0.050088 0.057501
0 0.568075 0.619088 0.050088 0.057501
0 0.568075 0.684431 0.050088 0.057501
0 0.384005 0.555252 0.043349 0.046994
0 0.384005 0.608655 0.043349 0.046994
0 0.433266 0.555252 0.043349 0.046994
0 0.433266 0.608655 0.043349 0.046994
0 0.482526 0.555252 0.043349 0.046994
0 0.482526 0.608655 0.043349 0.046994
0 0.301467 0.692949 0.065378 0.101941
0 0.301467 0.808792 0.065378 0.101941
0 0.375760 0.692949 0.065378 0.101941
0 0.375760 0.808792 0.065378 0.101941
0 0.450054 0.692949 0.065378 0.101941
0 0.450054 0.808792 0.065378 0.101941
0 0.258503 0.606169 0.049346 0.063274
0 0.258503 0.678072 0.049346 0.063274
0 0.314578 0.606169 0.049346 0.063274
0 0.314578 0.678072 0.049346 0.063274
0 0.370653 0.606169 0.049346 0.063274
0 0.370653 0.678072 0.049346 0.063274
0 0.038828 0.680803 0.068333 0.100927
0 0.038828 0.795493 0.068333 0.100927
0 0.116479 0.680803 0.068333 0.100927
0 0.116479 0.795493 0.068333 0.100927
0 0.194130 0.680803 0.068333 0.100927
0 0.194130 0.795493 0.068333 0.100927
0 0.050347 0.800928 0.088611 0.116791
0 0.050347 0.933646 0.088611 0.116791
0 0.151042 0.800928 0.088611 0.116791
0 0.151042 0.933646 0.088611 0.116791
0 0.251736 0.800928 0.088611 0.116791
0 0.251736 0.933646 0.088611 0.116791
