0 0.193977 0.535560 0.087025 0.097900
0 0.193977 0.646810 0.087025 0.097900
0 0.292870 0.535560 0.087025 0.097900
0 0.292870 0.646810 0.087025 0.097900
0 0.391762 0.535560 0.087025 0.097900
0 0.391762 0.646810 0.087025 0.097900
0 0.352698 0.490516 0.053497 0.056324
0 0.352698 0.554521 0.053497 0.056324
0 0.413490 0.490516 0.053497 0.056324
0 0.413490 0.554521 0.053497 0.056324
0 0.474281 0.490516 0.053497 0.056324
0 0.474281 0.554521 0.053497 0.056324
0 0.423102 0.459289 0.039785 0.048477
0 0.423102 0.514377 0.039785 0.048477
0 0.468312 0.459289 0.039785 0.048477
0 0.468312 0.514377 0.039785 0.048477
0 0.513523 0.459289 0.039785 0.048477
0 0.513523 0.514377 0.039785 0.048477
0 0.323889 0.404141 0.040802 0.027439
0 0.323889 0.435322 0.040802 0.027439
0 0.370255 0.404141 0.040802 0.027439
0 0.370255 0.435322 0.040802 0.027439
0 0.416622 0.404141 0.040802 0.027439
0 0.416622 0.435322 0.040802 0.027439
0 0.048005 0.408403 0.084494 0.058414
0 0.048005 0.474782 0.084494 0.058414
0 0.144021 0.408403 0.084494 0.058414
0 0.144021 0.474782 0.084494 0.058414
0 0.240036 0.408403 0.084494 0.058414
0 0.240036 0.474782 0.084494 0.058414
0 0.223599 0.410595 0.054652 0.036663
0 0.223599 0.452257 0.054652 0.036663
0 0.285703 0.410595 0.054652 0.036663
0 0.285703 0.452257 0.054652 0.036663
0 0.347807 0.410595 0.054652 0.036663
0 0.347807 0.452257 0.054652 0.036663
0 0.126483 0.342375 0.055593 0.029146
0 0.126483 0.375495 0.055593 0.029146
0 0.189656 0.342375 0.055593 0.029146
0 0.189656 0.375495 0.055593 0.029146
0 0.252830 0.342375 0.055593 0.029146
0 0.252830 0.375495 0.055593 0.029146
0 0.026814 0.329648 0.047193 0.033896
0 0.026814 0.368167 0.047193 0.033896
0 0.080443 0.329648 0.047193 0.033896
0 0.080443 0.368167 0.047193 0.033896
0 0.134071 0.329648 0.047193 0.033896
0 0.134071 0.368167 0.047193 0.033896
0 0.237950 0.343146 0.038654 0.027789
0 0.237950 0.374725 0.038654 0.027789
0 0.281875 0.343146 0.038654 0.027789
0 0.281875 0.374725 0.038654 0.027789
0 0.325800 0.343146 0.038654 0.027789
0 0.325800 0.374725 0.038654 0.027789
