0 0.383788 0.731523 0.059004 0.096499
0 0.383788 0.841181 0.059004 0.096499
0 0.450839 0.731523 0.059004 0.096499
0 0.450839 0.841181 0.059004 0.096499
0 0.517889 0.731523 0.059004 0.096499
0 0.517889 0.841181 0.059004 0.096499
0 0.221109 0.697002 0.063731 0.096845
0 0.221109 0.807053 0.063731 0.096845
0 0.293531 0.697002 0.063731 0.096845
0 0.293531 0.807053 0.063731 0.096845
0 0.365953 0.697002 0.063731 0.096845
0 0.365953 0.807053 0.063731 0.096845
0 0.084755 0.658238 0.068965 0.073435
0 0.084755 0.741688 0.068965 0.073435
0 0.163125 0.658238 0.068965 0.073435
0 0.163125 0.741688 0.068965 0.073435
0 0.241495 0.658238 0.068965 0.073435
0 0.241495 0.741688 0.068965 0.073435
0 0.225089 0.560266 0.045531 0.039523
0 0.225089 0.605178 0.045531 0.039523
0 0.276828 0.560266 0.045531 0.039523
0 0.276828 0.605178 0.045531 0.039523
0 0.328568 0.560266 0.045531 0.039523
0 0.328568 0.605178 0.045531 0.039523
0 0.330262 0.589391 0.042720 0.037820
0 0.330262 0.632368 0.042720 0.037820
0 0.378807 0.589391 0.042720 0.037820
0 0.378807 0.632368 0.042720 0.037820
0 0.427352 0.589391 0.042720 0.037820
0 0.427352 0.632368 0.042720 0.037820
0 0.440141 0.614850 0.032143 0.041886
0 0.440141 0.662447 0.032143 0.041886
0 0.476667 0.614850 0.032143 0.041886
0 0.476667 0.662447 0.032143 0.041886
0 0.513193 0.614850 0.032143 0.041886
0 0.513193 0.662447 0.032143 0.041886
0 0.485422 0.554671 0.029338 0.025610
0 0.485422 0.583773 0.029338 0.025610
0 0.518760 0.554671 0.029338 0.025610
0 0.518760 0.583773 0.029338 0.025610
0 0.552099 0.554671 0.029338 0.025610
0 0.552099 0.583773 0.029338 0.025610
0 0.386976 0.538662 0.032531 0.025952
0 0.386976 0.568153 0.032531 0.025952
0 0.423943 0.538662 0.032531 0.025952
0 0.423943 0.568153 0.032531 0.025952
0 0.460910 0.538662 0.032531 0.025952
0 0.460910 0.568153 0.032531 0.025952
0 0.312906 0.521306 0.030502 0.019849
0 0.312906 0.543861 0.030502 0.019849
0 0.347568 0.521306 0.030502 0.019849
0 0.347568 0.543861 0.030502 0.019849
0 0.382229 0.521306 0.030502 0.019849
0 0.382229 0.543861 0.030502 0.019849
