0 0.058512 0.214952 0.096751 0.121267
0 0.058512 0.352756 0.096751 0.121267
0 0.168457 0.214952 0.096751 0.121267
0 0.168457 0.352756 0.096751 0.121267
0 0.278402 0.214952 0.096751 0.121267
0 0.278402 0.352756 0.096751 0.121267
0 0.293701 0.194336 0.096035 0.076580
0 0.293701 0.281359 0.096035 0.076580
0 0.402832 0.194336 0.096035 0.076580
0 0.402832 0.281359 0.096035 0.076580
0 0.511963 0.194336 0.096035 0.076580
0 0.511963 0.281359 0.096035 0.076580
0 0.331746 0.115872 0.040212 0.023322
0 0.331746 0.142375 0.040212 0.023322
0 0.377441 0.115872 0.040212 0.023322
0 0.377441 0.142375 0.040212 0.023322
0 0.423136 0.115872 0.040212 0.023322
0 0.423136 0.142375 0.040212 0.023322
