0 0.259517 0.610787 0.069454 0.075484
0 0.259517 0.696565 0.069454 0.075484
0 0.338443 0.610787 0.069454 0.075484
0 0.338443 0.696565 0.069454 0.075484
0 0.417368 0.610787 0.069454 0.075484
0 0.417368 0.696565 0.069454 0.075484
0 0.124075 0.547806 0.070398 0.063947
0 0.124075 0.620472 0.070398 0.063947
0 0.204073 0.547806 0.070398 0.063947
0 0.204073 0.620472 0.070398 0.063947
0 0.284071 0.547806 0.070398 0.063947
0 0.284071 0.620472 0.070398 0.063947
0 0.373934 0.544572 0.047486 0.039881
0 0.373934 0.589891 0.047486 0.039881
0 0.427896 0.544572 0.047486 0.039881
0 0.427896 0.589891 0.047486 0.039881
0 0.481858 0.544572 0.047486 0.039881
0 0.481858 0.589891 0.047486 0.039881
0 0.176382 0.474785 0.047995 0.028343
0 0.176382 0.506993 0.047995 0.028343
0 0.230922 0.474785 0.047995 0.028343
0 0.230922 0.506993 0.047995 0.028343
0 0.285462 0.474785 0.047995 0.028343
0 0.285462 0.506993 0.047995 0.028343
0 0.437167 0.506032 0.036080 0.029635
0 0.437167 0.539708 0.036080 0.029635
0 0.478167 0.506032 0.036080 0.029635
0 0.478167 0.539708 0.036080 0.029635
0 0.519167 0.506032 0.036080 0.029635
0 0.519167 0.539708 0.036080 0.029635
0 0.263854 0.507965 0.047300 0.033029
0 0.263854 0.545498 0.047300 0.033029
0 0.317604 0.507965 0.047300 0.033029
0 0.317604 0.545498 0.047300 0.033029
0 0.371354 0.507965 0.047300 0.033029
0 0.371354 0.545498 0.047300 0.033029
0 0.035130 0.514907 0.061834 0.039812
0 0.035130 0.560148 0.061834 0.039812
0 0.105396 0.514907 0.061834 0.039812
0 0.105396 0.560148 0.061834 0.039812
0 0.175661 0.514907 0.061834 0.039812
0 0.175661 0.560148 0.061834 0.039812
0 0.268267 0.461100 0.039026 0.019804
0 0.268267 0.483604 0.039026 0.019804
0 0.312615 0.461100 0.039026 0.019804
0 0.312615 0.483604 0.039026 0.019804
0 0.356962 0.461100 0.039026 0.019804
0 0.356962 0.483604 0.039026 0.019804
0 0.345155 0.483280 0.036091 0.022175
0 0.345155 0.508479 0.036091 0.022175
0 0.386167 0.483280 0.036091 0.022175
0 0.386167 0.508479 0.036091 0.022175
0 0.427179 0.483280 0.036091 0.022175
0 0.427179 0.508479 0.036091 0.022175
