0 0.054590 0.494486 0.083883 0.080267
0 0.054590 0.585699 0.083883 0.080267
0 0.149911 0.494486 0.083883 0.080267
0 0.149911 0.585699 0.083883 0.080267
0 0.245233 0.494486 0.083883 0.080267
0 0.245233 0.585699 0.083883 0.080267
0 0.227984 0.465648 0.054821 0.039079
0 0.227984 0.510056 0.054821 0.039079
0 0.290281 0.465648 0.054821 0.039079
0 0.290281 0.510056 0.054821 0.039079
0 0.352578 0.465648 0.054821 0.039079
0 0.352578 0.510056 0.054821 0.039079
0 0.237997 0.606803 0.072653 0.090090
0 0.237997 0.709178 0.072653 0.090090
0 0.320557 0.606803 0.072653 0.090090
0 0.320557 0.709178 0.072653 0.090090
0 0.403118 0.606803 0.072653 0.090090
0 0.403118 0.709178 0.072653 0.090090
0 0.115278 0.434940 0.047014 0.031248
0 0.115278 0.470449 0.047014 0.031248
0 0.168703 0.434940 0.047014 0.031248
0 0.168703 0.470449 0.047014 0.031248
0 0.222128 0.434940 0.047014 0.031248
0 0.222128 0.470449 0.047014 0.031248
0 0.340821 0.526069 0.049199 0.052661
0 0.340821 0.585912 0.049199 0.052661
0 0.396729 0.526069 0.049199 0.052661
0 0.396729 0.585912 0.049199 0.052661
0 0.452637 0.526069 0.049199 0.052661
0 0.452637 0.585912 0.049199 0.052661
0 0.022677 0.591935 0.039907 0.084936
0 0.022677 0.688454 0.039907 0.084936
0 0.068026 0.591935 0.039907 0.084936
0 0.068026 0.688454 0.039907 0.084936
0 0.113375 0.591935 0.039907 0.084936
0 0.113375 0.688454 0.039907 0.084936
0 0.060377 0.728012 0.106258 0.159569
0 0.060377 0.909340 0.106258 0.159569
0 0.181125 0.728012 0.106258 0.159569
0 0.181125 0.909340 0.106258 0.159569
0 0.301873 0.728012 0.106258 0.159569
0 0.301873 0.909340 0.106258 0.159569
