0 0.621113 0.701042 0.074128 0.057779
0 0.621113 0.766699 0.074128 0.057779
0 0.705349 0.701042 0.074128 0.057779
0 0.705349 0.766699 0.074128 0.057779
0 0.789585 0.701042 0.074128 0.057779
0 0.789585 0.766699 0.074128 0.057779
0 0.775391 0.794384 0.079063 0.080838
0 0.775391 0.886245 0.079063 0.080838
0 0.865234 0.794384 0.079063 0.080838
0 0.865234 0.886245 0.079063 0.080838
0 0.955078 0.794384 0.079063 0.080838
0 0.955078 0.886245 0.079063 0.080838
0 0.761599 0.664199 0.069273 0.051341
0 0.761599 0.722542 0.069273 0.051341
0 0.840318 0.664199 0.069273 0.051341
0 0.840318 0.722542 0.069273 0.051341
0 0.919036 0.664199 0.069273 0.051341
0 0.919036 0.722542 0.069273 0.051341
0 0.905599 0.723225 0.033229 0.049292
0 0.905599 0.779238 0.033229 0.049292
0 0.943359 0.723225 0.033229 0.049292
0 0.943359 0.779238 0.033229 0.049292
0 0.981120 0.723225 0.033229 0.049292
0 0.981120 0.779238 0.033229 0.049292
