0 0.184932 0.629847 0.074543 0.091251
0 0.184932 0.733542 0.074543 0.091251
0 0.269641 0.629847 0.074543 0.091251
0 0.269641 0.733542 0.074543 0.091251
0 0.354349 0.629847 0.074543 0.091251
0 0.354349 0.733542 0.074543 0.091251
0 0.340290 0.552106 0.048805 0.052661
0 0.340290 0.611949 0.048805 0.052661
0 0.395750 0.552106 0.048805 0.052661
0 0.395750 0.611949 0.048805 0.052661
0 0.451210 0.552106 0.048805 0.052661
0 0.451210 0.611949 0.048805 0.052661
0 0.083422 0.564477 0.068347 0.056442
0 0.083422 0.628616 0.068347 0.056442
0 0.161089 0.564477 0.068347 0.056442
0 0.161089 0.628616 0.068347 0.056442
0 0.238755 0.564477 0.068347 0.056442
0 0.238755 0.628616 0.068347 0.056442
0 0.334155 0.555866 0.053017 0.051928
0 0.334155 0.614875 0.053017 0.051928
0 0.394401 0.555866 0.053017 0.051928
0 0.394401 0.614875 0.053017 0.051928
0 0.454648 0.555866 0.053017 0.051928
0 0.454648 0.614875 0.053017 0.051928
0 0.418177 0.502269 0.039018 0.033603
0 0.418177 0.540454 0.039018 0.033603
0 0.462516 0.502269 0.039018 0.033603
0 0.462516 0.540454 0.039018 0.033603
0 0.506854 0.502269 0.039018 0.033603
0 0.506854 0.540454 0.039018 0.033603
0 0.229437 0.518299 0.052090 0.035864
0 0.229437 0.559053 0.052090 0.035864
0 0.288630 0.518299 0.052090 0.035864
0 0.288630 0.559053 0.052090 0.035864
0 0.347823 0.518299 0.052090 0.035864
0 0.347823 0.559053 0.052090 0.035864
