0 0.069745 0.854437 0.112649 0.085079
0 0.069745 0.951118 0.112649 0.085079
0 0.197755 0.854437 0.112649 0.085079
0 0.197755 0.951118 0.112649 0.085079
0 0.325766 0.854437 0.112649 0.085079
0 0.325766 0.951118 0.112649 0.085079
1 0.571885 0.692278 0.424656 0.074093
1 0.525604 0.585981 0.304839 0.037806
0 0.447243 0.666961 0.064086 0.076336
0 0.447243 0.753706 0.064086 0.076336
0 0.520068 0.666961 0.064086 0.076336
0 0.520068 0.753706 0.064086 0.076336
0 0.592892 0.666961 0.064086 0.076336
0 0.592892 0.753706 0.064086 0.076336
0 0.266604 0.572609 0.049628 0.039506
0 0.266604 0.617502 0.049628 0.039506
0 0.323000 0.572609 0.049628 0.039506
0 0.323000 0.617502 0.049628 0.039506
0 0.379396 0.572609 0.049628 0.039506
0 0.379396 0.617502 0.049628 0.039506
0 0.436602 0.571396 0.043855 0.038577
0 0.436602 0.615234 0.043855 0.038577
0 0.486438 0.571396 0.043855 0.038577
0 0.486438 0.615234 0.043855 0.038577
0 0.536273 0.571396 0.043855 0.038577
0 0.536273 0.615234 0.043855 0.038577
0 0.181233 0.681424 0.075769 0.084794
0 0.181233 0.777780 0.075769 0.084794
0 0.267333 0.681424 0.075769 0.084794
0 0.267333 0.777780 0.075769 0.084794
0 0.353434 0.681424 0.075769 0.084794
0 0.353434 0.777780 0.075769 0.084794
