0 0.281816 0.565944 0.061712 0.065169
0 0.281816 0.640000 0.061712 0.065169
0 0.351943 0.565944 0.061712 0.065169
0 0.351943 0.640000 0.061712 0.065169
0 0.422069 0.565944 0.061712 0.065169
0 0.422069 0.640000 0.061712 0.065169
0 0.037050 0.561472 0.065209 0.083681
0 0.037050 0.656565 0.065209 0.083681
0 0.111151 0.561472 0.065209 0.083681
0 0.111151 0.656565 0.065209 0.083681
0 0.185252 0.561472 0.065209 0.083681
0 0.185252 0.656565 0.065209 0.083681
0 0.366477 0.521234 0.046692 0.042334
0 0.366477 0.569340 0.046692 0.042334
0 0.419536 0.521234 0.046692 0.042334
0 0.419536 0.569340 0.046692 0.042334
0 0.472595 0.521234 0.046692 0.042334
0 0.472595 0.569340 0.046692 0.042334
0 0.143632 0.506581 0.063189 0.045715
0 0.143632 0.558530 0.063189 0.045715
0 0.215438 0.506581 0.063189 0.045715
0 0.215438 0.558530 0.063189 0.045715
0 0.287243 0.506581 0.063189 0.045715
0 0.287243 0.558530 0.063189 0.045715
0 0.035260 0.457741 0.060560 0.040676
0 0.035260 0.503963 0.060560 0.040676
0 0.104078 0.457741 0.060560 0.040676
0 0.104078 0.503963 0.060560 0.040676
0 0.172896 0.457741 0.060560 0.040676
0 0.172896 0.503963 0.060560 0.040676
0 0.157233 0.436896 0.046527 0.025345
0 0.157233 0.465697 0.046527 0.025345
0 0.210104 0.436896 0.046527 0.025345
0 0.210104 0.465697 0.046527 0.025345
0 0.262976 0.436896 0.046527 0.025345
0 0.262976 0.465697 0.046527 0.025345
0 0.257767 0.481933 0.044306 0.029011
0 0.257767 0.514900 0.044306 0.029011
0 0.308115 0.481933 0.044306 0.029011
0 0.308115 0.514900 0.044306 0.029011
0 0.358462 0.481933 0.044306 0.029011
0 0.358462 0.514900 0.044306 0.029011
0 0.101665 0.666141 0.105886 0.121664
0 0.101665 0.804396 0.105886 0.121664
0 0.221990 0.666141 0.105886 0.121664
0 0.221990 0.804396 0.105886 0.121664
0 0.342314 0.666141 0.105886 0.121664
0 0.342314 0.804396 0.105886 0.121664
