0 0.772417 0.574111 0.060271 0.049313
0 0.772417 0.630148 0.060271 0.049313
0 0.840906 0.574111 0.060271 0.049313
0 0.840906 0.630148 0.060271 0.049313
0 0.909396 0.574111 0.060271 0.049313
0 0.909396 0.630148 0.060271 0.049313
0 0.533450 0.711662 0.093278 0.139716
0 0.533450 0.870431 0.093278 0.139716
0 0.639448 0.711662 0.093278 0.139716
0 0.639448 0.870431 0.093278 0.139716
0 0.745446 0.711662 0.093278 0.139716
0 0.745446 0.870431 0.093278 0.139716
0 0.554915 0.550359 0.051225 0.044379
0 0.554915 0.600789 0.051225 0.044379
0 0.613125 0.550359 0.051225 0.044379
0 0.613125 0.600789 0.051225 0.044379
0 0.671335 0.550359 0.051225 0.044379
0 0.671335 0.600789 0.051225 0.044379
0 0.650425 0.527056 0.045051 0.031077
0 0.650425 0.562370 0.045051 0.031077
0 0.701620 0.527056 0.045051 0.031077
0 0.701620 0.562370 0.045051 0.031077
0 0.752814 0.527056 0.045051 0.031077
0 0.752814 0.562370 0.045051 0.031077
0 0.566684 0.488634 0.037605 0.020085
0 0.566684 0.511458 0.037605 0.020085
0 0.609417 0.488634 0.037605 0.020085
0 0.609417 0.511458 0.037605 0.020085
0 0.652149 0.488634 0.037605 0.020085
0 0.652149 0.511458 0.037605 0.020085
0 0.453389 0.593111 0.052870 0.060345
0 0.453389 0.661685 0.052870 0.060345
0 0.513469 0.593111 0.052870 0.060345
0 0.513469 0.661685 0.052870 0.060345
0 0.573549 0.593111 0.052870 0.060345
0 0.573549 0.661685 0.052870 0.060345
0 0.478984 0.499875 0.027087 0.020851
0 0.478984 0.523569 0.027087 0.020851
0 0.509766 0.499875 0.027087 0.020851
0 0.509766 0.523569 0.027087 0.020851
0 0.540547 0.499875 0.027087 0.020851
0 0.540547 0.523569 0.027087 0.020851
