0 0.232674 0.823498 0.116168 0.103551
0 0.232674 0.941169 0.116168 0.103551
0 0.364682 0.823498 0.116168 0.103551
0 0.364682 0.941169 0.116168 0.103551
0 0.496691 0.823498 0.116168 0.103551
0 0.496691 0.941169 0.116168 0.103551
0 0.309135 0.656306 0.074287 0.074116
0 0.309135 0.740528 0.074287 0.074116
0 0.393552 0.656306 0.074287 0.074116
0 0.393552 0.740528 0.074287 0.074116
0 0.477969 0.656306 0.074287 0.074116
0 0.477969 0.740528 0.074287 0.074116
0 0.364330 0.563926 0.049971 0.037824
0 0.364330 0.606907 0.049971 0.037824
0 0.421115 0.563926 0.049971 0.037824
0 0.421115 0.606907 0.049971 0.037824
0 0.477899 0.563926 0.049971 0.037824
0 0.477899 0.606907 0.049971 0.037824
0 0.052201 0.673083 0.089587 0.083274
0 0.052201 0.767713 0.089587 0.083274
0 0.154005 0.673083 0.089587 0.083274
0 0.154005 0.767713 0.089587 0.083274
0 0.255809 0.673083 0.089587 0.083274
0 0.255809 0.767713 0.089587 0.083274
0 0.184215 0.570292 0.058390 0.036805
0 0.184215 0.612116 0.058390 0.036805
0 0.250568 0.570292 0.058390 0.036805
0 0.250568 0.612116 0.058390 0.036805
0 0.316920 0.570292 0.058390 0.036805
0 0.316920 0.612116 0.058390 0.036805
0 0.034991 0.577238 0.059298 0.040875
0 0.034991 0.623687 0.059298 0.040875
0 0.102375 0.577238 0.059298 0.040875
0 0.102375 0.623687 0.059298 0.040875
0 0.169759 0.577238 0.059298 0.040875
0 0.169759 0.623687 0.059298 0.040875
