0 0.179106 0.466701 0.039621 0.041886
0 0.179106 0.514299 0.039621 0.041886
0 0.224130 0.466701 0.039621 0.041886
0 0.224130 0.514299 0.039621 0.041886
0 0.269155 0.466701 0.039621 0.041886
0 0.269155 0.514299 0.039621 0.041886
0 0.293361 0.446444 0.031486 0.042908
0 0.293361 0.495204 0.031486 0.042908
0 0.329141 0.446444 0.031486 0.042908
0 0.329141 0.495204 0.031486 0.042908
0 0.364920 0.446444 0.031486 0.042908
0 0.364920 0.495204 0.031486 0.042908
0 0.386069 0.431215 0.028186 0.028319
0 0.386069 0.463396 0.028186 0.028319
0 0.418099 0.431215 0.028186 0.028319
0 0.418099 0.463396 0.028186 0.028319
0 0.450128 0.431215 0.028186 0.028319
0 0.450128 0.463396 0.028186 0.028319
0 0.185814 0.419060 0.029116 0.027304
0 0.185814 0.450088 0.029116 0.027304
0 0.218901 0.419060 0.029116 0.027304
0 0.218901 0.450088 0.029116 0.027304
0 0.251988 0.419060 0.029116 0.027304
0 0.251988 0.450088 0.029116 0.027304
0 0.282380 0.399773 0.027197 0.025952
0 0.282380 0.429264 0.027197 0.025952
0 0.313286 0.399773 0.027197 0.025952
0 0.313286 0.429264 0.027197 0.025952
0 0.344193 0.399773 0.027197 0.025952
0 0.344193 0.429264 0.027197 0.025952
0 0.361583 0.392060 0.022225 0.020525
0 0.361583 0.415384 0.022225 0.020525
0 0.386839 0.392060 0.022225 0.020525
0 0.386839 0.415384 0.022225 0.020525
0 0.412094 0.392060 0.022225 0.020525
0 0.412094 0.415384 0.022225 0.020525
0 0.186031 0.397269 0.027207 0.017470
0 0.186031 0.417120 0.027207 0.017470
0 0.216948 0.397269 0.027207 0.017470
0 0.216948 0.417120 0.027207 0.017470
0 0.247865 0.397269 0.027207 0.017470
0 0.247865 0.417120 0.027207 0.017470
0 0.268061 0.387049 0.024907 0.019845
0 0.268061 0.409600 0.024907 0.019845
0 0.296365 0.387049 0.024907 0.019845
0 0.296365 0.409600 0.024907 0.019845
0 0.324668 0.387049 0.024907 0.019845
0 0.324668 0.409600 0.024907 0.019845
0 0.335115 0.374894 0.021464 0.018830
0 0.335115 0.396292 0.021464 0.018830
0 0.359505 0.374894 0.021464 0.018830
0 0.359505 0.396292 0.021464 0.018830
0 0.383896 0.374894 0.021464 0.018830
0 0.383896 0.396292 0.021464 0.018830
