0 0.659085 0.832782 0.085193 0.095456
0 0.659085 0.941255 0.085193 0.095456
0 0.755896 0.832782 0.085193 0.095456
0 0.755896 0.941255 0.085193 0.095456
0 0.852707 0.832782 0.085193 0.095456
0 0.852707 0.941255 0.085193 0.095456
0 0.337238 0.791072 0.092741 0.118690
0 0.337238 0.925947 0.092741 0.118690
0 0.442625 0.791072 0.092741 0.118690
0 0.442625 0.925947 0.092741 0.118690
0 0.548012 0.791072 0.092741 0.118690
0 0.548012 0.925947 0.092741 0.118690
0 0.471028 0.719294 0.071902 0.073142
0 0.471028 0.802410 0.071902 0.073142
0 0.552734 0.719294 0.071902 0.073142
0 0.552734 0.802410 0.071902 0.073142
0 0.634441 0.719294 0.071902 0.073142
0 0.634441 0.802410 0.071902 0.073142
0 0.041667 0.761616 0.073333 0.092620
0 0.041667 0.866866 0.073333 0.092620
0 0.125000 0.761616 0.073333 0.092620
0 0.125000 0.866866 0.073333 0.092620
0 0.208333 0.761616 0.073333 0.092620
0 0.208333 0.866866 0.073333 0.092620
0 0.467856 0.901502 0.068249 0.057245
0 0.467856 0.966553 0.068249 0.057245
0 0.545411 0.901502 0.068249 0.057245
0 0.545411 0.966553 0.068249 0.057245
0 0.622967 0.901502 0.068249 0.057245
0 0.622967 0.966553 0.068249 0.057245
0 0.089155 0.872861 0.103626 0.074050
0 0.089155 0.957009 0.103626 0.074050
0 0.206911 0.872861 0.103626 0.074050
0 0.206911 0.957009 0.103626 0.074050
0 0.324668 0.872861 0.103626 0.074050
0 0.324668 0.957009 0.103626 0.074050
0 0.254759 0.698030 0.069288 0.063975
0 0.254759 0.770729 0.069288 0.063975
0 0.333495 0.698030 0.069288 0.063975
0 0.333495 0.770729 0.069288 0.063975
0 0.412231 0.698030 0.069288 0.063975
0 0.412231 0.770729 0.069288 0.063975
0 0.392252 0.630009 0.048197 0.048481
0 0.392252 0.685102 0.048197 0.048481
0 0.447021 0.630009 0.048197 0.048481
0 0.447021 0.685102 0.048197 0.048481
0 0.501790 0.630009 0.048197 0.048481
0 0.501790 0.685102 0.048197 0.048481
