0 0.471741 0.783417 0.085468 0.085963
0 0.471741 0.881102 0.085468 0.085963
0 0.568865 0.783417 0.085468 0.085963
0 0.568865 0.881102 0.085468 0.085963
0 0.665988 0.783417 0.085468 0.085963
0 0.665988 0.881102 0.085468 0.085963
0 0.060661 0.772606 0.106769 0.091398
0 0.060661 0.876468 0.106769 0.091398
0 0.181990 0.772606 0.106769 0.091398
0 0.181990 0.876468 0.106769 0.091398
0 0.303318 0.772606 0.106769 0.091398
0 0.303318 0.876468 0.106769 0.091398
0 0.270361 0.689097 0.079382 0.062570
0 0.270361 0.760199 0.079382 0.062570
0 0.360568 0.689097 0.079382 0.062570
0 0.360568 0.760199 0.079382 0.062570
0 0.450774 0.689097 0.079382 0.062570
0 0.450774 0.760199 0.079382 0.062570
0 0.738498 0.866900 0.092049 0.078088
0 0.738498 0.955637 0.092049 0.078088
0 0.843099 0.866900 0.092049 0.078088
0 0.843099 0.955637 0.092049 0.078088
0 0.947700 0.866900 0.092049 0.078088
0 0.947700 0.955637 0.092049 0.078088
0 0.269924 0.865164 0.124436 0.079106
0 0.269924 0.955058 0.124436 0.079106
0 0.411328 0.865164 0.124436 0.079106
0 0.411328 0.955058 0.124436 0.079106
0 0.552733 0.865164 0.124436 0.079106
0 0.552733 0.955058 0.124436 0.079106
