0 0.314872 0.569813 0.045419 0.051647
0 0.314872 0.628502 0.045419 0.051647
0 0.366484 0.569813 0.045419 0.051647
0 0.366484 0.628502 0.045419 0.051647
0 0.418097 0.569813 0.045419 0.051647
0 0.418097 0.628502 0.045419 0.051647
1 0.613714 0.677417 0.341849 0.098296
0 0.600580 0.806567 0.113615 0.113483
0 0.600580 0.935525 0.113615 0.113483
0 0.729688 0.806567 0.113615 0.113483
0 0.729688 0.935525 0.113615 0.113483
0 0.858795 0.806567 0.113615 0.113483
0 0.858795 0.935525 0.113615 0.113483
0 0.274892 0.849164 0.103536 0.088493
0 0.274892 0.949725 0.103536 0.088493
0 0.392547 0.849164 0.103536 0.088493
0 0.392547 0.949725 0.103536 0.088493
0 0.510201 0.849164 0.103536 0.088493
0 0.510201 0.949725 0.103536 0.088493
0 0.294127 0.688222 0.069784 0.090999
0 0.294127 0.791630 0.069784 0.090999
0 0.373427 0.688222 0.069784 0.090999
0 0.373427 0.791630 0.069784 0.090999
0 0.452727 0.688222 0.069784 0.090999
0 0.452727 0.791630 0.069784 0.090999
0 0.468170 0.565553 0.043873 0.040794
0 0.468170 0.611910 0.043873 0.040794
0 0.518026 0.565553 0.043873 0.040794
0 0.518026 0.611910 0.043873 0.040794
0 0.567882 0.565553 0.043873 0.040794
0 0.567882 0.611910 0.043873 0.040794
