0 0.316163 0.528252 0.020193 0.023919
0 0.316163 0.555433 0.020193 0.023919
0 0.339109 0.528252 0.020193 0.023919
0 0.339109 0.555433 0.020193 0.023919
0 0.362056 0.528252 0.020193 0.023919
0 0.362056 0.555433 0.020193 0.023919
0 0.391095 0.553509 0.037495 0.048009
0 0.391095 0.608065 0.037495 0.048009
0 0.433703 0.553509 0.037495 0.048009
0 0.433703 0.608065 0.037495 0.048009
0 0.476311 0.553509 0.037495 0.048009
0 0.476311 0.608065 0.037495 0.048009
0 0.395075 0.516481 0.033040 0.031729
0 0.395075 0.552537 0.033040 0.031729
0 0.432620 0.516481 0.033040 0.031729
0 0.432620 0.552537 0.033040 0.031729
0 0.470165 0.516481 0.033040 0.031729
0 0.470165 0.552537 0.033040 0.031729
