0 0.119875 0.167859 0.085722 0.026926
0 0.119875 0.198456 0.085722 0.026926
0 0.217286 0.167859 0.085722 0.026926
0 0.217286 0.198456 0.085722 0.026926
0 0.314698 0.167859 0.085722 0.026926
0 0.314698 0.198456 0.085722 0.026926
0 0.212807 0.246093 0.113080 0.091667
0 0.212807 0.350259 0.113080 0.091667
0 0.341307 0.246093 0.113080 0.091667
0 0.341307 0.350259 0.113080 0.091667
0 0.469807 0.246093 0.113080 0.091667
0 0.469807 0.350259 0.113080 0.091667
0 0.205568 0.125306 0.048340 0.016459
0 0.205568 0.144009 0.048340 0.016459
0 0.260500 0.125306 0.048340 0.016459
0 0.260500 0.144009 0.048340 0.016459
0 0.315432 0.125306 0.048340 0.016459
0 0.315432 0.144009 0.048340 0.016459
0 0.038330 0.307234 0.066924 0.131866
0 0.038330 0.457081 0.066924 0.131866
0 0.114380 0.307234 0.066924 0.131866
0 0.114380 0.457081 0.066924 0.131866
0 0.190431 0.307234 0.066924 0.131866
0 0.190431 0.457081 0.066924 0.131866
