0 0.345300 0.500616 0.053058 0.061722
0 0.345300 0.570755 0.053058 0.061722
0 0.405594 0.500616 0.053058 0.061722
0 0.405594 0.570755 0.053058 0.061722
0 0.465887 0.500616 0.053058 0.061722
0 0.465887 0.570755 0.053058 0.061722
0 0.190288 0.539039 0.090616 0.104569
0 0.190288 0.657868 0.090616 0.104569
0 0.293260 0.539039 0.090616 0.104569
0 0.293260 0.657868 0.090616 0.104569
0 0.396233 0.539039 0.090616 0.104569
0 0.396233 0.657868 0.090616 0.104569
0 0.417054 0.473484 0.039200 0.043491
0 0.417054 0.522905 0.039200 0.043491
0 0.461599 0.473484 0.039200 0.043491
0 0.461599 0.522905 0.039200 0.043491
0 0.506144 0.473484 0.039200 0.043491
0 0.506144 0.522905 0.039200 0.043491
0 0.046087 0.419942 0.081117 0.067063
0 0.046087 0.496150 0.081117 0.067063
0 0.138266 0.419942 0.081117 0.067063
0 0.138266 0.496150 0.081117 0.067063
0 0.230444 0.419942 0.081117 0.067063
0 0.230444 0.496150 0.081117 0.067063
0 0.209186 0.412162 0.056450 0.038093
0 0.209186 0.455449 0.056450 0.038093
0 0.273333 0.412162 0.056450 0.038093
0 0.273333 0.455449 0.056450 0.038093
0 0.337481 0.412162 0.056450 0.038093
0 0.337481 0.455449 0.056450 0.038093
0 0.312014 0.405222 0.038887 0.025879
0 0.312014 0.434630 0.038887 0.025879
0 0.356203 0.405222 0.038887 0.025879
0 0.356203 0.434630 0.038887 0.025879
0 0.400392 0.405222 0.038887 0.025879
0 0.400392 0.434630 0.038887 0.025879
0 0.091486 0.339618 0.060182 0.030071
0 0.091486 0.373789 0.060182 0.030071
0 0.159875 0.339618 0.060182 0.030071
0 0.159875 0.373789 0.060182 0.030071
0 0.228264 0.339618 0.060182 0.030071
0 0.228264 0.373789 0.060182 0.030071
0 0.211997 0.348681 0.043114 0.025659
0 0.211997 0.377838 0.043114 0.025659
0 0.260990 0.348681 0.043114 0.025659
0 0.260990 0.377838 0.043114 0.025659
0 0.309983 0.348681 0.043114 0.025659
0 0.309983 0.377838 0.043114 0.025659
0 0.022194 0.330937 0.039062 0.035163
0 0.022194 0.370896 0.039062 0.035163
0 0.066583 0.330937 0.039062 0.035163
0 0.066583 0.370896 0.039062 0.035163
0 0.110972 0.330937 0.039062 0.035163
0 0.110972 0.370896 0.039062 0.035163
