0 0.614599 0.725157 0.077944 0.088016
0 0.614599 0.825176 0.077944 0.088016
0 0.703172 0.725157 0.077944 0.088016
0 0.703172 0.825176 0.077944 0.088016
0 0.791745 0.725157 0.077944 0.088016
0 0.791745 0.825176 0.077944 0.088016
0 0.840495 0.801542 0.056146 0.100214
0 0.840495 0.915421 0.056146 0.100214
0 0.904297 0.801542 0.056146 0.100214
0 0.904297 0.915421 0.056146 0.100214
0 0.968099 0.801542 0.056146 0.100214
0 0.968099 0.915421 0.056146 0.100214
0 0.459444 0.676944 0.059252 0.060199
0 0.459444 0.745352 0.059252 0.060199
0 0.526776 0.676944 0.059252 0.060199
0 0.526776 0.745352 0.059252 0.060199
0 0.594108 0.676944 0.059252 0.060199
0 0.594108 0.745352 0.059252 0.060199
0 0.870877 0.702412 0.045451 0.064264
0 0.870877 0.775440 0.045451 0.064264
0 0.922526 0.702412 0.045451 0.064264
0 0.922526 0.775440 0.045451 0.064264
0 0.974175 0.702412 0.045451 0.064264
0 0.974175 0.775440 0.045451 0.064264
0 0.675580 0.653419 0.068391 0.051378
0 0.675580 0.711803 0.068391 0.051378
0 0.753297 0.653419 0.068391 0.051378
0 0.753297 0.711803 0.068391 0.051378
0 0.831014 0.653419 0.068391 0.051378
0 0.831014 0.711803 0.068391 0.051378
0 0.516587 0.598648 0.063572 0.044603
0 0.516587 0.649333 0.063572 0.044603
0 0.588828 0.598648 0.063572 0.044603
0 0.588828 0.649333 0.063572 0.044603
0 0.661069 0.598648 0.063572 0.044603
0 0.661069 0.649333 0.063572 0.044603
0 0.893663 0.621208 0.037431 0.039510
0 0.893663 0.666106 0.037431 0.039510
0 0.936198 0.621208 0.037431 0.039510
0 0.936198 0.666106 0.037431 0.039510
0 0.978733 0.621208 0.037431 0.039510
0 0.978733 0.666106 0.037431 0.039510
0 0.731276 0.590356 0.056421 0.034084
0 0.731276 0.629088 0.056421 0.034084
0 0.795391 0.590356 0.056421 0.034084
0 0.795391 0.629088 0.056421 0.034084
0 0.859505 0.590356 0.056421 0.034084
0 0.859505 0.629088 0.056421 0.034084
0 0.595356 0.559104 0.049851 0.035489
0 0.595356 0.599433 0.049851 0.035489
0 0.652005 0.559104 0.049851 0.035489
0 0.652005 0.599433 0.049851 0.035489
0 0.708655 0.559104 0.049851 0.035489
0 0.708655 0.599433 0.049851 0.035489
